"canopy_height_m"	"ldmc_geo_mgg"	"leaf_mass_mg"	"leaf_size_mm2"	"seed_mass_mg"
-1.889	360.4789	184.0711	4740.2437	54.1786
1.6314	185.2518	21.7132	410.9421	-0.1189
0.4833	229.7772	753.5922	13500.0762	-150.1136
-0.4422	193.4831	147.1388	3207.9827	1.9877
2.5974	240.7799	494.4026	8460.8516	62.3331
0.5697	204.3389	57.228	465.1876	14.5086
0.4956	281.9853	72.3896	66.7225	0.0021
0.8383	272.1492	1.0981	14.0481	0.1101
0.587	157.9869	3.1156	1207.8547	1.2306
0.483	174.375	-22.4684	555.8636	1.4065
3.9713	201.9297	615.091	5728.4517	8.8565
-1.2146	118.0703	64.4713	1774.7457	0.7018
0.4575	71.4008	516.1387	11979.5977	-138.752
0.3334	161.0716	213.9843	2905.7068	2.3956
0.144	111.3754	44.1855	4757.126	1.5069
-0.3011	134.6777	342.2441	4752.1938	1.4508
0.0767	114.4907	196.6893	6656.8999	5.4704
0.0166	170.5298	101.2033	4752.1235	7.5095
0.7752	272.0533	21.5406	546.7295	2.1731
0.7886	269.3202	66.4889	1087.8615	0.5967
4.2191	187.0958	173.9401	4066.7168	5.5746
1.1432	170.1068	200.8245	4117.1172	0.7816
0.976	222.6347	330.3638	3602.2192	0.4203
0.6731	142.2176	557.2896	11611.6426	0.6982
-2.5911	205.6141	400.9852	3006.7703	2.4102
0.5813	219.8499	603.8727	11601.4131	-96.0206
1.3205	139.9434	60.6945	373.7987	0.7411
1.8665	106.9548	6.1703	4234.7012	0.3763
1.2132	162.8281	180.8033	1162.1479	5.6688
-0.469	193.8649	114.4087	3649.5466	94.2225
0.78	224.7751	63.3428	1006.7471	3.3141
0.2192	164.967	26.4666	1095.9489	0.0981
1.289	385.4566	1.8788	37.6263	23.9066
0.628	103.5921	9.6192	2936.752	0.0675
0.6598	165.6951	15.7828	2926.9861	0.1438
0.6716	143.5851	15.8204	2929.1287	0.1331
1.5876	156.5149	1543.1976	25228.7637	13.7953
-1.9819	177.9907	4105.3989	11366.749	11.812
0.5149	178.1285	20.9047	12.9696	1.3616
-1.1574	-794.714	-19881.6914	8535.2266	31.5584
0.8447	291.2886	30.6479	1301.3629	3.0536
2.1271	242.8232	99.1093	2475.5112	-0.0013
1.9622	220.8493	29.9969	639.7013	37.2731
2.4112	257.8925	254.6935	3914.4314	-0.097
1.8118	118.2741	4132.9683	10497.4307	74.0302
1.1947	280.0822	3.5389	27.0671	-8.6863
0.8304	272.2579	225.8253	2720.1865	5.0808
1.2534	142.0253	139.9355	2670.5913	2.2038
1.1005	237.6632	0.2308	1652.6504	8.0085
1.3018	242.1027	180.7568	5227.3086	22.0842
1.1047	236.977	17.3128	561.4661	59.2335
0.889	201.9618	227.0928	1978.0912	7.3666
-0.1454	165.2515	18.8887	426.4686	0.2201
0.4525	221.9984	98.9835	716.8511	0.7846
0.4328	142.0315	150.1719	2932.551	0.5918
1.4903	113.4516	11.7049	359.1804	0.1018
0.7149	96.6796	550.5405	11617.5811	0.8999
0.3899	166.9552	751.6726	1970.3303	20.2779
2.2569	174.5854	110.4552	4176.1182	8.6752
2.1912	152.2797	74.8486	2417.7129	2.5864
0.987	223.3187	16.9346	453.5112	-0.0655
-0.0761	144.4016	286.9308	3945.9421	15.827
1.1588	308.1571	20.3368	3886.2358	13.8463
0.4033	100.8195	252.9638	6916.082	145.6946
0.1458	141.342	135.1709	3315.8882	182.4409
0.8054	265.9626	26.9836	643.6565	0.4143
1.0557	279.0203	40.5092	1084.7191	2.5493
1.0187	279.8218	31.2186	920.5971	5.1342
0.883	289.1026	2.6299	156.5933	-23.5596
0.9176	280.7718	15.2796	467.0336	7.4094
-0.7409	286.5611	77.1515	2971.5049	-0.4302
15.0262	119.5228	529.2775	5805.7461	-680.3471
0.5866	88.7451	74.9352	2924.0637	22.458
1.2614	220.6715	278.174	4994.2749	0.0955
1.4773	93.4392	448.8477	948.5073	3.6545
0.307	109.3906	0.6226	1106.698	57.1625
2.6686	205.2959	90.9117	3207.4773	30.1695
2.6757	223.887	133.9671	3091.5107	37.0048
0.4568	162.521	12.0616	617.3322	99.7949
0.9295	159.3265	92.1737	3600.8477	-3.0958
3.0537	238.9981	193.0706	4865.9106	6.3565
0.4932	147.3811	60.9068	1842.8793	-4.5831
1.0686	199.5619	96.2136	2515.1594	-58.9707
1.1776	195.5452	69.818	2206.8425	2.6455
1.021	191.7101	12.3996	2534.2769	0.1782
0.1987	137.1175	699.2679	2531.1809	5.5706
1.0792	126.185	11.2831	2539.5725	0.1604
0.7711	310.7122	7.0965	239.5208	-90.4268
0.9643	208.1547	2.6606	76.3015	0.1266
1.8902	168.3365	286.9864	4599.666	3.3777
1.7395	331.516	132.8667	2454.9968	-7.3799
1.3759	333.4151	430.7661	2096.4648	0.8084
1.5101	309.993	16.6752	387.2574	106.1258
1.589	304.9047	15.7727	479.9992	99.7593
1.1976	304.0665	226.5188	265.0292	1.4939
1.7102	301.0375	42.4245	1403.462	74.1978
1.7642	365.3355	15.3918	2100.27	0.7891
1.5424	344.0281	280.436	2098.0688	0.7402
1.4471	320.4395	11.6131	100.988	108.3407
1.4644	332.9798	34.996	634.4649	1.1146
1.6763	304.5275	74.9216	1718.3378	2.935
1.6075	264.7126	14.7936	526.3187	133.9754
4.1301	301.9376	66.3123	12539.9561	0.5269
1.8758	328.0086	10.4064	2102.9866	1.3082
1.7584	308.5107	157.6718	3786.9119	0.7255
1.8228	323.9656	27.114	2103.4734	1.0422
1.2048	254.1576	235.402	317.8172	0.3502
0.8262	326.1413	1186.8513	14064.2207	1.8059
1.8019	246.1596	76.9519	1182.7251	80.4092
1.5181	306.2985	16.4067	324.0783	100.9922
2.0948	163.2484	76.1425	2395.8325	141.5471
1.4802	323.8688	29.8217	676.7383	1.7055
1.4118	304.047	212.7642	1221.7762	1.407
1.6666	183.452	391.5014	5272.3501	4.1513
10.8701	258.6787	195.4114	-258.0001	-55.8235
1.3063	146.1037	418.4758	1930.7053	26.2326
1.8979	167.4846	72.7541	4151.0986	2.1969
2.2942	154.392	25.2229	3440.126	2.4201
1.6132	182.8361	36.1196	961.2933	1.5217
1.0108	259.8227	11.8341	115.5759	-0.0956
1.0237	246.6577	0.2188	16.5383	-0.0608
0.1097	138.6088	130.4863	3105.5168	188.7811
1.723	148.1009	55.4053	1607.5144	0.0625
0.5693	155.2654	4.5583	176.6499	-0.0012
0.6031	120.4771	8.7675	423.3561	0.1011
0.5615	184.284	1.5459	418.4521	-0.0182
1.1319	245.9794	478.0187	7815.3574	2.2537
1.9965	248.2528	690.3804	20341.0527	2.6591
1.6448	186.5226	239.913	5271.8809	-61.0635
1.0869	164.3458	148.6126	2021.9677	0.6976
1.4861	216.5973	23.766	301.3667	0.8065
1.9552	71.4746	556.3644	17536.9102	2.1682
0.5277	193.509	69.5049	2642.7852	1.8038
2.3817	141.7807	190.6686	4695.7388	1.7346
2.3215	141.0427	772.8445	11035.6777	-122.6152
-3.4122	237.6942	182.0307	5632.6802	3.2063
0.439	257.6565	94.4546	1054.8186	-32.9607
5.4914	215.1433	1655.8989	54420.2148	1.8316
2.3741	172.8172	129.3167	1124.7617	12.2811
-0.4813	139.7831	24.4393	1166.9198	139.7862
-5.4608	-789.1044	63.126	2540.5857	487.7677
1.9973	349.7593	37.0394	3145.8423	275.8984
2.996	132.5615	168.0697	6087.6333	1.1779
2.5571	125.8492	51.9499	1586.6967	0.3199
2.5063	167.332	61.4351	1081.7352	0.5056
1.2975	92.0526	24.9121	11647.2725	2.3967
0.9453	232.629	2.9559	89.3868	4.3954
0.2016	85.1399	29.2024	875.4656	86.364
0.7941	224.3643	5.0242	116.726	52.6363
0.6909	247.1861	140.5233	347.0797	0.4736
2.68	314.982	55.6527	1246.6833	-99.8366
0.6944	263.255	117.4851	1448.739	0.8761
0.6883	338.5594	67.3086	378.2625	1.3716
-0.4077	-32.3866	161.8283	1518.6038	103.4269
-0.3581	-13.8471	24.1142	341.4556	43.9919
0.2508	132.2053	667.2504	83.4419	8.9844
0.8439	337.2189	32.4671	1294.5343	0.1932
0.2403	112.5396	162.5769	3647.0686	93.1057
0.9624	165.492	7.5025	1312.3899	0.8782
0.9148	217.7263	8.658	1307.8434	0.9843
0.4451	139.7679	33.8565	710.3021	4.437
0.6436	137.2936	113.3979	2295.8125	0.0347
-1.0938	167.0133	1117.9764	3893.6074	2.4463
0.2778	176.6641	119.3392	21.8619	42.4216
0.2804	179.9574	119.4548	10.0548	39.4666
0.9365	189.9421	76.9267	2264.2073	94.5876
-0.0545	128.1421	282.5411	4523.0811	3.1479
2.6789	282.7131	22.8404	172.7391	0.5425
0.7511	270.8204	11.7862	287.8747	0.371
0.7823	273.0418	135.6746	2361.5222	-10.1882
0.5537	211.988	130.1375	2832.7737	0.0502
0.4548	229.308	91.7604	2186.7415	-15.2498
0.2224	223.7431	24.9654	778.7347	0.1344
0.6676	237.1912	2.9398	117.8737	75.7924
0.8539	201.327	60.2696	1157.3821	23.6377
0.6184	117.6755	315.4531	1160.1509	0.9792
0.2817	236.2445	489.9701	11660.667	-6.5521
-0.9286	248.4032	708.0153	6625.7046	24.4599
1.8855	202.0539	284.2312	5270.3472	0.4352
1.3455	285.0633	13.3076	312.4746	4.0737
1.3462	238.4903	39.0976	419.7845	2.0354
1.383	222.0315	3.36	111.4219	3.4738
1.3564	213.0463	1.114	27.8104	23.234
1.3419	220.478	12.909	456.7598	2.4238
1.4204	219.7531	35.7041	615.8037	9.3705
1.3785	177.1819	35.7262	78.8541	40.8693
4.5354	200.2816	44.2959	601.8972	3.7735
4.4152	214.155	85.3575	5176.4287	2.9161
2.1064	278.8198	0.9234	5278.5088	0.1632
1.7972	325.8379	141.7697	3519.7087	0.8557
-0.0081	183.1612	1062.3236	11549.6094	2.6614
1.3708	387.901	246.9397	2393.1584	19.8666
1.8445	255.9956	78.8463	741.4471	125.8603
1.7216	133.1449	7.1078	267.0698	-143.987
-0.4323	168.1691	244.9412	1403.3104	6.121
0.7119	127.8464	124.3602	759.4749	8.124
1.0196	140.1761	5.707	161.1746	31.4323
0.9503	169.499	2.3681	80.3092	0.6659
0.8988	181.2722	17.6532	32.2905	0.8261
0.8632	200.1001	24.1879	13.4263	-20.2429
0.95	180.8356	1.9822	109.7906	0.9118
0.8856	228.0412	0.7027	15.4054	0.4255
0.7014	370.4094	1.4915	20.1658	2.6276
0.7982	248.1923	58.6832	134.408	3.6216
0.7472	267.7308	80.9423	1208.4674	3.4059
0.838	201.8778	46.4763	1074.491	2.5563
0.8611	193.5309	35.8672	934.3265	28.9721
0.7951	186.7323	99.3836	709.7472	1.0365
0.8907	193.7078	74.3343	1898.1763	15.0144
0.9048	185.767	41.2356	1215.0784	1.4882
0.8625	200.6022	57.2533	1166.8347	9.6523
0.8267	196.2235	86.6057	1888.844	5.9847
1.6912	302.3586	151.9805	3440.8164	45.871
1.4105	147.3639	280.9159	4985.9595	0.8105
0.5602	160.0284	20.9408	881.899	0.5373
0.8113	277.8716	28.692	1118.2689	26.5452
0.4379	267.5685	307.3499	1226.0851	-81.6845
0.2155	188.8239	5.944	1102.2592	0.0034
1.1786	264.2255	93.9742	71.8283	1.0644
-2.4976	180.8042	467.5223	8718.0449	11.8196
-4.6308	234.9676	2428.5295	8542.8916	9.0622
0.496	210.0698	64.3242	456.992	-51.6492
1.9258	134.041	101.8956	4069.489	0.3947
2.0894	112.035	37.0219	4378.9297	0.535
0.8457	233.2586	17.0727	745.9601	56.6805
0.8287	230.4589	21.8445	970.6201	36.7715
0.754	216.5744	92.1193	1053.296	0.339
0.7648	197.2839	12.0984	519.6229	32.8718
0.6916	222.631	14.2144	472.7829	3.6572
0.9196	175.4183	28.6758	2321.1602	55.7739
0.1801	142.9647	0.5429	13.9598	53.253
-0.7065	47.8989	1.7305	2956.1257	0.2237
3.2553	292.225	436.4616	7710.9795	4.1
-0.6444	123.4645	20.0849	654.9008	-101.254
0.892	211.7646	17.8435	105.7513	25.4036
0.8847	240.3565	1.5042	42.7076	0.8932
0.8087	273.7587	31.5716	443.6787	-34.7488
0.8899	239.6608	8.681	165.8892	3.5373
0.8825	239.667	6.3313	222.7175	-0.0312
1.728	103.4806	12.8038	406.6011	212.2678
0.2378	149.4113	16.495	490.2056	41.3608
12.6907	181.0369	1371.5739	20874.9727	46.5889
0.5531	141.0896	98.1475	2916.0151	4.3405
0.5323	209.9683	0.8902	36.3227	-48.8102
0.7196	220.0038	243.4815	1199.8516	0.0146
0.9394	203.0138	52.341	485.6483	0.0411
0.9684	228.6477	1.6111	1068.6277	0.0799
0.39	283.1445	490.0946	1056.2887	-0.1468
0.6792	267.5212	574.8276	3514.2515	-0.4994
0.6189	321.9908	228.2199	1057.2926	-0.0894
0.4637	209.1318	433.8275	1089.8176	-0.1047
0.8969	207.7554	239.3448	2079.8428	-2.9279
0.5475	134.9779	271.4334	27.9033	0.2567
0.8676	111.6574	14.6323	276.4282	0.2703
-0.0104	183.6751	140.8331	2871.0417	4.247
1.2264	140.2806	399.787	2336.4512	1.5779
1.9363	190.8054	397.0313	5993.0737	0.2744
1.5957	173.4502	369.5632	4378.6904	0.7337
0.5374	171.5771	8.4058	166.8805	0.5926
0.7359	164.55	47.0251	1371.3401	1.5002
0.6587	140.4371	11.4159	1197.3243	0.805
2.1195	127.1545	99.1582	5283.2144	1.2062
0.4562	219.9949	435.8195	741.5683	47.1626
0.9582	201.1548	54.5351	974.9142	92.899
0.7475	200.6593	182.1842	747.1817	73.8531
0.6332	273.5836	201.9117	158.47	12.497
0.6946	198.2819	208.0497	746.2249	16.3687
0.3515	204.1968	1.7852	103.5274	0.1619
1.6259	139.8575	433.5637	5280.5454	1.1641
0.4513	206.6797	174.6766	2919.6243	2.0579
1.7416	129.6046	27.2518	669.6881	0.4801
-0.3043	72.2431	348.2868	7413.1455	46.4973
-0.7252	85.0786	401.9979	3173.8276	12.0229
7.1328	196.0241	2506.9614	67587.8672	1.6175
1.4937	140.549	26.8103	460.8706	7.3486
0.0362	160.7482	5.4839	105.1836	0.1403
0.7248	234.2937	24.4528	41.212	3.1048
0.7911	209.6553	339.2069	6.7444	0.0689
0.7244	269.3788	26.7269	1367.4637	2.8932
0.6031	274.8683	14.4399	401.7173	22.3268
-0.3002	250.5031	74.6879	1629.843	8.1207
0.7448	186.5203	106.0783	671.678	1.4038
0.8134	207.8438	16.1934	510.9449	26.0438
0.4641	205.2362	7.2929	258.7595	0.0182
0.7827	114.8998	116.5061	7898.1235	18.8955
0.8302	234.2619	132.4951	72.7798	0.6717
0.9293	228.2004	133.1742	663.8	-10.6056
0.6814	197.7009	122.0163	1814.6328	0.2185
-1.2937	233.019	296.5478	283.6413	0.413
-0.5937	245.8448	129.3775	2840.3137	-56.4324
-0.7116	224.3133	95.1514	2280.2791	29.3173
1.3302	276.8572	0.531	12.139	20.7276
1.456	277.2115	1.3345	864.7776	-0.0149
1.6565	268.3889	50.991	1742.066	-0.04
1.7557	249.5978	264.3672	2909.9482	23.6922
4.7513	136.2522	50.017	5816.4565	3.9748
4.6358	171.0225	341.5199	7726.1299	-31.2137
0.478	119.3553	78.1259	590.7846	2.028
0.8218	215.4812	19.0982	675.3408	1.8907
0.6878	196.5086	100.7323	509.1193	1.7833
0.7049	224.0605	93.8847	666.9971	2.8856
0.283	506.2303	127.8302	204.1886	-225.7669
0.8533	237.6787	46.9672	744.4701	2.9574
0.7844	148.7652	45.2546	2586.6567	5.4349
0.7195	179.6527	40.6549	1237.7157	0.154
0.7853	178.2735	61.8927	1776.8849	0.016
0.6356	179.3802	91.6039	198.5798	0.0554
0.7015	179.1378	80.1051	1483.4493	0.0281
-5.2459	193.3531	1269.755	4425.2202	-1599.038
0.9596	209.8797	152.4059	759.7103	26.6266
1.0127	224.365	149.7012	1889.8124	5.496
1.9061	325.4965	180.3988	3108.5686	60.763
-0.1018	134.21	9.7366	202.504	0.1364
0.5947	179.3681	2.4104	81.3402	-13.1422
0.6644	369.4641	56.7989	1286.1786	-75.8964
1.4089	184.1202	51.8604	1532.6018	3.3451
0.4237	162.9296	41.5769	1211.3191	-14.5644
0.4957	123.1736	28.3619	760.1761	0.4171
0.5314	122.331	6.8639	2802.6277	0.2023
0.3154	146.6013	27.4098	186.9217	0.2027
0.5511	153.8289	17.7237	1085.9863	0.3977
0.5529	146.0466	19.8033	2800.6194	0.6759
1.1105	240.3059	3.744	-381.4035	6.483
-0.4268	169.7105	92.549	1773.4578	6.0084
0.3779	97.606	29.1776	1434.9894	0.2262
-2.7038	202.1063	7.7054	187.1739	1.6433
-2.2614	179.3324	-29.9703	2359.7302	2.1434
-0.3365	-31715.8613	2682.6934	39341.375	1.7681
-0.0304	136.9478	163.0698	4890.4883	2.8924
0.8158	198.3348	14.2373	11602.7559	4.4342
0.8882	187.7261	77.3124	11600.3291	1.8189
0.8341	244.3706	164.1729	3134.333	20.3434
1.9466	111.7982	292.7151	6086.6426	37.7279
0.6747	233.011	23.302	1459.022	0.0884
0.174	277.7997	75.6718	1617.2421	11.9748
0.4201	147.0777	7.6922	805.8387	0.9099
0.4278	149.7576	2.6067	738.732	0.0987
1.8226	176.0463	224.6315	6821.7788	102.7686
1.7909	182.0921	167.0339	6817.9946	0.4071
1.8734	177.5002	271.9891	10398.3281	113.0252
2.1349	185.7048	24.3777	857.8809	0.2254
2.2379	187.2589	46.4604	2964.9424	0.2781
0.3973	176.2278	37.8866	221.7217	22.9479
10.1716	220.2487	6026.9307	13662.7148	591.522
1.0855	152.0081	383.1081	14914.6797	4.1504
1.1224	121.5267	920.3797	5187.6094	991.9767
-7.6579	200.7057	7596.3843	5055.3652	-3.9458
0.539	231.0375	3.335	58.2089	-47.8213
0.0717	131.5011	120.3143	3233.4094	1.334
0.7539	263.0349	128.6886	1299.3093	-0.927
0.8663	276.1172	9.9175	1309.5474	0.5814
0.8893	189.886	348.3088	6923.459	0.2099
1.2807	182.7146	454.4398	2327.7039	1.165
18.4778	298.637	10.7875	-3427.9116	7.0949
0.0475	103.5522	10.0658	1300.7164	0.2904
-0.5327	166.6541	288.234	2566.8491	1.612
-0.2113	107.6795	300.3085	1295.2207	0.3026
0.1531	99.608	297.6432	4827.6528	11.4908
0.8755	241.2956	45.3856	137.9359	0.1135
0.9658	215.1254	0.8021	798.9924	0.3412
0.9228	282.2895	7.3657	169.6744	0.1581
0.9048	270.2453	8.829	536.003	-19.18
0.8265	334.2513	25.7975	789.7654	0.048
0.9556	308.4823	35.7104	1024.5165	-79.313
0.852	221.0936	2.4373	53.4078	1.6862
1.3806	148.3424	48.4738	1078.894	94.5291
1.3389	166.8572	86.8643	1078.1263	264.2389
1.4212	147.6841	24.3816	1002.8779	66.4706
2.9609	291.0345	12.3463	361.1476	1.2365
7.0537	305.0769	240.4178	2784.2393	115.2008
6.8412	369.7138	164.996	2512.8464	96.6442
0.3388	108.9511	165.2417	25.5969	0.3507
1.5063	303.9491	5.8648	148.2655	118.079
1.7575	240.846	53.5537	2711.4849	159.033
-1.4191	214.4845	245.0959	4080.2869	0.7717
-0.8782	176.7724	224.3801	6408.7095	1.1468
0.7134	164.775	16.1279	1469.1471	44.0953
1.787	288.9465	151.9326	753.9794	87.6697
1.4024	210.9768	38.876	1199.5605	0.0627
0.7117	232.6389	0.1173	3.0244	7.6952
1.4566	197.0367	-393.5342	7297.5977	1.7583
1.1488	139.4901	20.2632	575.881	12.5647
1.4645	188.4484	-348.3044	1081.1412	2.8684
0.8204	254.3189	33.1874	656.2659	-0.1427
2.4969	153.8576	-402.2168	5917.2441	1.1993
1.5461	196.5534	-393.9334	7298.2695	1.928
1.4043	244.5721	192.7854	3593.3662	1.8675
1.5801	125.7067	-335.2271	734.4063	1.5871
1.5195	123.375	-380.8859	7303.0234	0.3055
0.4922	120.2346	142.404	2934.6023	26.2373
0.6198	138.5805	28.2776	2923.0042	36.1751
0.5328	127.9978	74.3389	1044.4849	0.596
0.522	155.2918	59.3473	1089.8528	0.6707
0.5002	166.3653	67.4069	1096.976	0.2789
2.7721	312.798	16.18	287.7196	0.359
0.5624	109.2289	184.0832	12848.4023	300.6306
-0.3564	106.2762	39.2956	1154.4728	364.9478
1.2313	375.9971	172.8239	337.3194	21.0761
0.9616	226.8546	26.8518	302.7307	19.8875
1.6134	386.7271	553.9144	9655.4814	3.9862
3.7934	137.065	129.0927	9157.8994	0.9699
1.7744	113.775	10.0454	204.4839	553.7958
2.1997	177.9565	190.4975	4189.7544	337.5057
2.2245	104.9736	630.3477	6289.8618	197.8846
3.5981	135.865	215.4984	9159.4453	-0.0294
9.4636	145.6653	1449.2301	43260.6172	-0.2214
1.0254	200.568	752.2869	4733.6274	0.7202
0.4662	238.6051	41.3851	4.3781	-0.0344
0.502	212.8362	43.0308	392.2383	-0.0161
0.0539	106.0362	152.0534	6404.8496	1.5195
6.6233	298.9322	63.5014	782.3439	52.7797
6.2105	438.5849	152.6944	663.0044	-0.085
0.9528	87.0454	151.4409	63.3084	78.8461
1.1886	102.9424	213.3895	11482.1055	266.7264
0.9978	150.9617	54.3216	4511.4658	7.257
1.5133	173.9981	978.9301	500.173	63.4723
-0.7128	169.8217	9.3951	2869.9568	0.1408
-0.7399	198.1853	70.3072	2414.1865	2.9713
0.5558	199.4874	108.2797	2165.2563	1.5131
0.0196	10.031	-45.6415	37.9898	0.0107
0.0502	171.5108	244.5964	3857.459	2.2123
-1.5451	376.519	30.746	835.6926	-25.9274
2.3185	383.5096	134.3982	748.7702	-176.0038
1.4222	174.0914	97.4841	2376.7231	65.1457
0.5958	135.5705	0.6379	466.3571	1.3584
2.9952	238.8108	-179.9762	15876.0811	-443.1115
-0.0604	267.8803	20.8883	347.4261	-0.3305
1.9604	182.1161	-215.2193	8166.3633	-178.2655
0.4893	211.153	65.5318	640.2957	9.7731
0.1423	49.8676	6.509	23.4443	-0.0059
0.1435	53.0507	1.3656	30.2733	-7.0784
0.1643	25.289	0.8544	18.9815	0.0183
0.1623	41.6095	0.5012	18.1702	0.0006
2.0052	184.3198	11.5714	281.442	0.3925
2.7634	114.6328	181.018	5336.1782	-124.2143
2.3795	84.3191	17.7993	514.2293	0.4109
1.4266	190.7327	455.3879	4699.6094	2.7901
0.9506	208.632	235.7949	5638.3257	2.9289
0.1073	216.3881	286.6507	1890.5173	1.7477
0.1911	274.5698	40.8259	1000.4664	1.322
0.9507	188.5732	0.5411	12.2745	22.0599
0.5684	112.2643	73.3789	524.8727	0.8477
0.4749	154.9973	11.8845	448.814	0.4065
0.664	142.5256	78.0816	1762.3455	0.9164
0.3615	227.1629	103.2415	170.078	-76.0992
0.5283	165.9723	71.8306	1179.1572	0.8857
0.9378	98.2114	84.3304	3077.9624	4.1891
1.2613	109.5461	326.8095	9290.6016	2.2944
0.3769	138.9929	231.0559	2905.4932	0.335
-0.3903	279.4601	172.9677	6837.9907	-30.2629
0.4392	170.5036	515.563	80.955	29.9853
1.697	226.7603	94.4604	2302.5186	-25.88
1.5504	138.1926	711.8732	12192.2129	0.7954
1.8191	123.7683	216.4883	5198.6831	0.9362
1.341	118.8248	732.098	10611.7256	20.5303
5.8334	147.0483	1516.0637	13863.1426	18.5658
0.6253	172.664	1.7176	467.8577	0.3353
0.6132	146.7255	30.6441	20.6528	0.06
0.5499	135.0872	36.7307	13.7952	-2.954
0.6044	171.5329	7.397	217.3888	0.8106
0.6495	210.7135	-41.6436	740.3475	1.6173
0.6585	85.1688	20.9397	487.8969	0.4238
0.6124	144.5195	5.9317	415.8217	0.8169
0.7277	84.4448	206.4753	32.2413	0.7995
0.8534	65.4016	341.933	8816.3271	14.2021
0.6331	112.0662	84.3827	3471.4424	6.4523
4.7819	327.7236	275.0568	2338.949	-116.2705
1.6547	200.2364	323.6683	4409.1079	-30.1277
1.9276	188.3255	125.6301	4562.7729	0.2726
1.5491	220.3163	428.0302	4405.0063	0.3193
0.8449	305.6931	7.6041	133.7221	-1.9994
0.837	264.2252	49.482	44.7838	0.7305
0.738	302.5502	48.6561	201.7442	-15
0.8895	378.3221	87.1348	938.6644	0.7548
-2.9127	205.378	3048.3374	44939.5078	-237.7068
-2.7795	245.2458	1136.6255	32541.7773	701.363
6.0469	149.4091	321.816	6033.7002	30.4597
0.2812	221.8773	592.6241	8778.1143	2.9292
1.2557	196.4548	38.0208	10791.2832	-40.3605
1.0505	359.537	-125.6066	3936.6941	1.5391
0.3212	331.7366	-65.6945	65.4895	1.4466
2.2896	198.1088	11.9736	321.5251	7.9447
2.2838	239.4936	-52.485	1398.5653	-107.1929
2.2992	188.7609	82.3921	1507.5175	-134.1508
0.822	221.2062	11.9527	232.7055	0.3271
0.7906	250.2032	6.0075	180.3462	0.3204
0.8857	199.5704	4.2333	574.1401	0.4622
0.7029	223.1973	80.5682	191.7127	2.0714
1.0616	239.8562	58.3359	1675.683	0.9356
0.8556	187.3536	67.4367	574.2947	2.8444
0.7901	262.9169	65.7439	568.1744	2.1024
0.8095	222.4504	0.8346	22.7092	0.3615
0.8854	223.5413	32.5931	715.2216	1.6333
0.9039	185.7653	11.7739	681.7163	0.5618
0.9188	169.6113	7.8065	277.3981	62.1642
0.8166	273.9292	57.6293	929.0722	-50.101
-1.2507	294.2806	47.3092	564.941	2.2337
0.7849	234.5633	117.3146	1307.4575	43.3387
-3.7142	192.799	290.1865	5347.9639	1.4336
4.5909	138.4944	-95.1124	49000.9336	576.1843
4.4505	264.7043	1540.0229	9562.9658	-9.6788
5.33	198.5136	1570.0327	17519.791	0.3114
0.8725	301.9253	3.6503	14.4517	6.0932
14.5292	253.9688	33.2736	3395.4578	11.122
14.5836	224.7223	98.5927	4532.1641	7.861
14.3998	246.6767	64.938	1735.3074	-36.8578
0.0899	47.9953	60.1898	12.0323	-0.0145
1.9392	196.2795	101.0431	3841.6177	51.2304
2.0417	213.968	21.7353	3023.7231	37.212
0.5856	332.2871	369.3408	71.9933	86.2675
0.7746	140.1342	764.086	12332.8057	0.9937
0.014	106.7463	269.9754	187.5551	0.5275
0.1459	103.651	242.0289	3906.4675	0.7754
0.4535	190.4346	827.5852	14340.1885	0.5577
1.2211	57.9647	1532.7222	28632.8359	0.5655
-0.3588	139.9079	1845.1449	14331.2666	-117.9387
-0.1746	212.9139	1595.0286	21626.6016	0.3774
-0.1282	-92.0354	26.9137	377.3755	0.3911
0.664	108.3466	65.4559	736.5347	13.1368
0.6695	171.3487	0.3091	151.4923	0.0632
0.645	136.7481	34.5409	733.5521	0.3964
0.8123	124.437	4.274	361.6283	0.0521
0.6459	167.6789	-2.1503	731.6642	0.1607
0.806	93.224	9.7433	261.6599	4.2305
0.567	271.7506	19.7177	724.0176	0.3229
0.5712	279.7721	-14.0992	53.9099	0.0638
0.6687	131.1204	1.6766	45.4292	0.0197
0.8244	120.4578	3.3388	495.223	0.5173
0.7153	145.1385	4.8387	108.1857	0.306
0.575	215.2464	2.9737	74.3929	-52.8074
0.63	174.9404	8.0364	730.4683	-0.0416
2.4828	234.8598	211.7284	550.6667	34.8024
0.8406	190.9612	29.5198	971.3951	319.2908
0.3509	180.2274	266.5108	315.4285	43.5265
0.8045	114.0064	326.8654	791.0142	1389.9755
0.5086	240.3554	167.9393	305.1082	227.9868
0.6061	222.2835	56.2211	1285.7567	31.0734
0.6509	186.2123	146.1071	1241.7979	289.4042
0.8051	161.7369	21.8551	564.9096	6.0883
0.9236	159.2953	28.1509	1513.14	6.8352
1.8569	167.7936	23.1989	546.3304	49.5059
1.7494	245.0257	12.7554	237.7442	1.0209
1.6565	236.3085	169.8509	718.6072	2.9507
1.769	220.0134	54.3387	1974.5861	2.1501
1.8451	225.7493	17.5685	721.9421	1.9453
1.7359	294.873	28.9196	531.6932	1.0189
1.887	168.8208	14.8092	440.3415	51.3484
9.9702	160.68	6243.9199	14391.5117	19.4061
-0.7442	195.6615	1366.5535	1186.1965	-205.8267
