"canopy_height_m"	"ldmc_geo_mgg"	"leaf_mass_mg"	"leaf_size_mm2"	"seed_mass_mg"
2.4545	1.7458	0.7705	0.877	1.9337
0.0153	0.0083	-0.3362	-0.4336	-0.3343
0.3443	0.5624	1.4896	1.4356	0.263
0.1183	0.11	0.5214	0.6679	0.2591
0.9713	1.3464	1.2679	1.203	1.2864
0.4999	-0.7692	0.1515	0.0568	1.2959
-0.252	1.1011	-1.5736	-1.3594	-1.379
-1.1887	1.1643	-1.9298	-2.2193	-1.0612
-1.3641	-0.4205	-1.4831	-1.3594	0.0875
-0.9727	-0.5053	-0.4698	-0.273	0.1861
1.3118	0.2471	1.3706	1.2143	1.0631
-0.3316	-1.1817	0.2322	0.3574	-0.5036
-0.0673	-1.0497	1.2973	1.3817	-0.452
0.317	-0.3604	1.1191	1.1217	0.4232
-0.5181	-1.3375	0.4346	0.1736	0.1509
-0.3778	-0.5665	1.056	0.4337	0.2046
-0.3178	-1.2648	0.7933	0.5206	0.8028
-0.4096	-0.2291	0.4826	0.1174	0.2078
-0.2403	1.0001	-0.3319	-0.2811	0.362
0.1382	1.3459	0.024	0.0822	0.11
0.5784	0.2731	0.7345	0.6577	0.8437
0.5697	0.2416	0.8313	0.7937	-0.1837
0.5488	0.4844	0.9545	0.6834	-0.353
-0.0033	0.0093	-1.4893	-1.1202	-0.2114
0.3313	0.2675	0.7501	0.6292	0.3778
0.2949	0.4469	0.5755	0.648	0.4192
-0.1575	-0.7397	-0.6582	-0.4983	-0.125
-0.3062	-1.4147	-1.0141	-0.993	-0.1588
-0.242	-0.356	0.7646	0.6937	1.9573
0.2387	0.1182	0.5325	0.7351	0.3852
-0.2222	-0.2168	0.1924	0.0665	0.5878
0.0736	-0.3071	-0.5305	-0.5958	-1.0256
-0.1773	0.9507	-1.5092	-1.6951	0.646
-0.663	-1.5369	-0.7569	-0.6347	-0.0804
-0.1748	-0.3074	-0.4247	-0.4846	-1.1049
-0.5299	-0.6712	-0.5115	-0.6485	-1.0937
0.9697	0.1269	1.8622	1.753	1.2169
0.5648	-0.1153	2.3518	2.1857	1.2028
-0.9721	-0.4277	-2.1375	-2.2942	-0.8301
0.0292	1.0088	1.1335	1.1888	-2.7549
0.2568	1.1901	0.0961	0.1524	0.5467
0.7063	0.451	0.4816	0.5051	-0.6851
0.8263	0.4742	-0.168	-0.1948	-0.8366
1.1987	0.8682	0.9448	0.7362	-0.9144
-0.4408	-1.1944	1.0476	0.1322	2.0713
0.7845	0.1488	-1.3182	-1.838	1.7912
0.3681	1.0136	0.6246	0.5783	0.7997
0.8498	-0.6501	0.6094	0.5681	0.3867
-0.7122	-1.6455	-4.4289	-1.3493	1.0018
0.6423	0.7002	0.9767	1.705	1.5228
-0.3445	0.7343	-0.5492	-0.1632	0.9541
1.2766	0.2307	-0.6908	0.4032	1.4151
-1.0619	-1.2686	-0.3911	-0.4159	-0.414
0.4427	0.4832	-0.2295	-0.1332	-0.1988
0.2817	-0.6475	0.6592	0.6738	0.2748
-1.8257	-0.7875	-0.6406	-0.5269	-0.9259
0.1872	-1.71	0.6937	1.1494	0.9857
1.2069	-0.277	1.7381	1.6087	1.4625
0.286	-0.9286	0.508	0.8012	1.0476
0.2752	-0.6312	0.3062	0.5093	0.4416
-0.5363	0.4843	-0.1483	-0.3848	-2.2409
-0.2167	-1.2351	0.6712	0.7875	1.3353
0.7065	1.3396	0.7145	0.7829	0.5063
0.4262	-0.6045	0.9339	1.0891	0.3415
0.4008	-0.7154	0.6038	0.8116	0.3743
-0.8052	1.2481	-0.2628	-0.2031	-0.4258
0.0164	0.6507	-0.0355	0.104	0.481
0.2211	0.5789	-0.1531	-0.0019	0.8083
-0.6757	0.3656	-1.4127	-1.1388	0.4505
-0.036	0.4345	-0.5293	-0.3574	0.9773
1.4439	0.5529	0.354	0.6009	-1.0039
1.4839	0.9559	1.3063	0.9973	-0.8314
-0.3306	-1.9326	0.269	0.0278	1.4989
0.0169	1.2846	0.9381	0.9014	-1.1533
-0.3113	-1.8034	-0.0146	0.0382	0.6219
-3.5446	-1.401	-1.6691	-1.7788	-1.4498
1.3256	-0.0193	0.4215	0.6604	1.653
1.5346	0.2259	0.5841	0.6635	1.7494
0.22	-0.3398	-0.2052	-0.2071	-1.6215
0.4057	-0.5902	0.452	0.6885	-1.0267
1.0617	0.6697	0.7914	1.0683	0.8988
-1.0448	-0.6127	0.3241	0.3611	-1.1007
-0.4332	-0.183	0.3587	0.5243	-0.1449
-0.3278	-0.5637	0.2568	0.4772	0.4558
-0.6875	-0.0962	-0.577	-0.2356	-1.0012
0.0194	-0.7817	1.4095	1.5118	0.8843
-1.1206	-0.0607	-0.6754	-0.5533	-1.031
-0.0886	1.3622	-0.5579	-0.6987	-0.6055
-1.0735	-0.0335	-1.4123	-1.2198	-1.0759
0.2079	-0.9734	0.9914	1.0892	0.571
0.218	1.5122	0.6068	0.5124	0.166
0.6181	1.538	1.1644	1.0966	-0.0511
-1.3074	1.3357	-0.2782	-0.4883	0.1292
-0.2622	0.8995	-0.4782	-0.3796	0.0355
-0.6235	1.298	-0.5716	-0.686	-0.196
-0.3442	-1.4772	-0.1224	0.2405	0.6532
-0.4097	1.7584	-0.529	-0.7848	-0.1386
0.1134	1.6223	0.9623	0.5945	-0.1096
-0.9859	1.0636	-0.703	-1.1402	0.098
-0.0371	1.5425	-0.0807	-0.2094	0.0135
0.1344	0.828	0.3042	0.3318	0.4968
-0.21	0.9295	-0.4883	-0.3529	0.1123
0.2833	1.2902	1.6395	1.4087	-0.1426
-0.2081	1.4936	-0.6931	-0.7467	0.0877
-0.0973	0.9652	0.7022	0.7434	-0.1317
-0.9479	1.4614	-0.2105	-0.4205	0.0069
0.1346	0.8408	-0.606	-0.5728	0.0579
0.9412	1.4955	1.6934	1.4986	0.5206
0.2387	1.2081	0.2968	0.1455	0.0894
-0.2361	0.9036	-0.4853	-0.5557	0.4012
0.4144	-0.3453	0.3165	0.5273	0.6261
0.078	1.4667	-0.1585	-0.1848	0.0479
0.3056	1.2005	0.4516	0.3335	0.1666
-0.1988	-0.0237	1.1487	0.9777	0.6834
3.5806	0.8861	0.5469	2.4363	3.9459
0.4352	-0.6239	0.6206	0.7099	1.5711
-0.0977	-0.3024	0.184	0.2102	0.4097
0.3709	-0.1712	0.6141	0.6927	0.4555
0.4672	-0.025	-0.0613	0.0123	0.2954
-0.9482	0.8791	-0.6019	-0.7677	-1.7876
-1.6932	0.6353	-1.7341	-2.1491	-2.0872
0.1032	-0.5459	0.5989	0.6416	0.3485
-0.1009	-0.2802	0.154	0.9265	-2.5275
-0.9115	-0.6204	-0.9179	-0.9012	-1.397
-1.2177	-1.1259	-2.0286	-2.0097	-1.3065
-0.8935	-0.0123	-1.6764	-1.8231	-1.577
0.727	0.7439	1.1929	1.1609	0.3797
0.7392	0.767	1.5427	1.6347	0.5041
0.4514	0.0014	0.8973	0.694	-0.1347
0.4211	-0.3051	0.6513	0.412	-0.1869
0.2306	0.4149	-0.2917	-0.3057	-0.1788
0.4528	-0.8192	1.4391	1.5827	0.2897
-0.2126	0.1027	0.2648	0.3771	0.2806
0.0824	-0.6988	0.7981	0.8985	0.1205
0.2339	-0.7177	1.4669	1.3716	0.3043
3.6766	0.9206	0.7761	0.9683	0.4931
0.0174	0.8696	0.0182	0.0743	-0.3989
0.8192	0.3675	1.9216	2.175	0.4255
-0.3645	-0.19	-0.0172	0.1801	1.2131
0.1618	-0.435	-0.274	0.1181	1.1233
-2.7733	0.4164	8.9243	6.9173	2.9877
2.5648	1.6757	-0.0478	0.1259	2.6934
-0.0972	-0.8817	0.8058	0.9957	-0.1243
-0.3283	-1.0212	0.2043	0.2962	-0.7292
-0.2657	-0.2681	0.1819	0.1024	-0.4522
-0.8818	-1.8292	-0.3302	-0.6079	0.3764
-0.2888	0.5942	-1.269	-1.2526	0.7234
-0.4233	-2.056	-0.2562	-0.0245	-0.3111
-1.1828	0.7964	-1.1151	-1.1089	-0.9328
0.316	0.7548	-0.6601	-0.5229	0.0058
0.333	1.2115	0.1533	0.1712	0.1025
0.1517	0.9127	0.1051	0.2373	0.0636
-0.1441	0.7545	-0.54	-0.4787	0.1915
0.5797	-3.3457	0.6792	0.2825	2.231
0.6254	-3.3534	-0.2808	-0.5296	1.853
1.1819	-0.8831	0.3967	1.493	1.0768
0.1028	1.5816	-0.1164	-0.1287	-0.7308
-0.2442	-0.7004	0.7034	0.737	-0.4036
-0.8326	-0.2967	-1.4334	-1.1381	-0.1376
-0.6665	-0.2312	-0.791	-0.4846	-0.0156
-0.7678	-0.7405	-0.1536	-0.1433	-0.7483
-0.1095	-0.5279	0.5144	0.4876	-0.5885
0.7823	-0.2666	0.5953	0.5221	0.4997
-2.256	-0.1278	-1.5314	-3.5024	-1.6915
-2.045	-0.1523	-1.526	-3.4741	-1.5828
0.0119	0.0655	0.3139	0.5284	0.4052
0.1	-0.7264	0.9637	0.8796	0.5247
-0.2396	1.1066	-0.8392	-0.8985	-0.2445
-1.2571	0.4774	-0.7733	-0.6284	-0.3694
0.6169	1.0188	0.3828	0.5023	0.2678
0.0593	0.3074	0.5867	0.6098	-0.9746
-0.0912	0.5515	0.4498	0.4609	-0.979
0.0877	-0.3784	-0.2699	-0.0656	-1.197
-1.0571	0.6511	-1.3577	-1.1728	-1.1405
0.3827	-0.7698	0.183	0.3442	-0.0082
0.0851	-1.1944	0.8523	1.1897	0.0215
-0.3049	-0.0685	0.9991	1.0442	0.1987
-0.2074	-0.4435	1.4618	1.547	1.5522
0.2966	0.2281	0.9868	0.8334	-0.51
-0.1974	1.135	-0.5802	-0.5802	0.6822
-0.2408	0.5339	-0.6066	-0.4412	0.3808
0.0713	0.488	-1.2962	-1.0888	0.615
-1.1094	0.3738	-1.9513	-1.8827	-0.5554
-0.6207	0.1563	-0.595	-0.3939	0.4943
0.0662	1.4517	-0.1474	-0.2092	1.0445
-0.7978	-0.1117	-1.4751	-1.3088	0.3925
1.3019	0.2036	0.0214	-0.2244	0.6818
1.4876	0.3899	0.3702	0.1685	0.5865
-0.9108	1.0828	-1.9598	-2.0097	-1.431
0.5589	1.2365	0.6378	0.7221	-0.1007
1.4346	0.6198	0.9955	1.1244	0.4978
-1.1835	0.6364	0.5966	0.5205	1.4415
2.1513	0.8507	0.3408	1.0184	2.3305
0.4004	-0.8718	-0.5409	-0.6568	0.551
-0.5277	-1.5436	0.2091	0.2338	0.8306
0.784	-0.9633	0.8787	1.2314	1.4732
0.5517	-0.7339	-1.0165	-0.6805	1.0864
0.2205	-0.2357	-1.4682	-1.2069	-0.1361
0.0979	-0.0542	-2.0676	-1.7618	-0.0318
-0.4248	0.1948	-2.4043	-2.2793	-0.6277
-0.8826	-0.7325	-1.5576	-1.1777	0.0046
-0.019	0.5383	-2.0109	-1.8663	-0.3204
-0.5363	1.8134	-1.6409	-2.0519	0.4665
0.2531	0.772	-0.8748	-0.9444	0.6295
-0.358	0.9672	-0.1528	-0.2543	0.0552
-0.3467	0.6568	0.1337	0.0875	0.4495
-0.6675	0.1332	-0.0326	0.0014	-0.1263
-0.7006	0.0198	-0.2212	-0.1415	0.0448
-0.418	0.2329	0.2873	0.2819	0.3592
-0.544	0.4559	-0.0003	0.0081	0.1927
-0.2977	0.8748	0.1737	0.1256	0.2009
-0.1927	0.322	0.4181	0.396	0.8714
-0.0543	1.2923	0.6724	0.6988	0.3652
0.2298	-0.6065	0.9823	0.9119	0.1423
-0.342	-0.3846	-0.2475	-0.0206	-0.1812
0.2409	0.8291	-0.1464	0.0573	0.1018
0.4316	1.1663	1.0203	0.8495	0.3296
-0.3351	0.0535	-0.9992	-1.0687	-0.9556
-1.1523	0.9319	-1.0453	-1.9522	0.049
-0.1302	-0.0563	1.2364	1.091	1.1836
0.3223	0.6396	2.0976	1.8255	1.0881
-0.8589	0.3306	-2.259	-2.3613	-1.0097
-0.1254	-1.0464	0.4626	0.5661	-0.4106
-0.3371	-1.3193	-0.0537	0.1255	-0.3439
-0.7935	0.6011	-0.4717	-0.5752	0.4991
-0.2797	0.5676	-0.3115	0.0138	-0.3059
-0.3225	0.5658	-0.1702	0.0695	-0.4998
-0.2012	0.1558	-0.6396	-0.4593	1.0717
0.1414	0.6813	-0.3633	-0.3519	0.6316
0.8713	0.7602	0.6644	0.5287	0.8307
-1.7219	-0.693	-2.0932	-2.2464	-0.7835
-0.0272	-3.6036	-1.6512	-0.9565	0.2026
2.4764	1.2043	0.8644	1.1494	0.6914
-0.579	4.195	-0.3737	-0.1688	-7.1517
-0.5265	0.3397	-0.9974	-0.915	-1.2257
-1.3523	0.0834	-1.725	-1.6593	-1.4117
-0.101	0.3362	-0.4303	-0.393	-0.9499
-0.4711	0.2534	-0.8084	-0.7554	-1.0186
-0.1003	0.1806	-0.9545	-0.7686	-1.0046
-0.4574	-1.5404	-0.6266	-0.4399	-0.0699
-0.4241	-0.5593	-0.4632	-0.4174	0.2773
0.6173	-0.0652	1.8014	0.5877	1.8597
0.4698	-0.8074	0.4476	0.5282	0.7171
-0.2201	-0.4559	-1.944	-1.7425	-1.6948
0.2854	0.454	0.7214	0.2712	-1.8532
-0.1727	0.2489	0.022	-0.3427	-1.8464
-0.4793	0.545	-1.6669	-1.9382	-1.8728
0.5736	1.1208	0.9891	0.5096	-1.9037
0.317	0.9628	1.3193	0.7293	-1.8787
0.1515	1.4097	0.4839	-0.133	-1.2488
0.4803	2.0595	1.1318	0.1606	-1.7688
0.152	0.5305	0.8258	0.4361	-1.9787
-1.1567	-0.7881	-1.5825	-1.8805	-1.9255
0.0194	-1.3077	-0.5575	-0.5653	-1.876
0.1135	-0.0183	0.624	0.4272	0.6951
-0.4133	-0.4179	0.5096	0.4959	0.2213
0.2371	0.0837	1.1609	1.0139	-0.2751
0.7258	-0.1702	1.0279	0.9426	0.1775
-1.0062	-0.828	-0.8089	-0.467	-0.2563
-0.312	0.1555	0.0732	0.2055	0.2452
-0.5134	-0.7414	-0.5834	-0.2881	-0.1445
0.1057	-0.996	0.4859	0.8672	0.1059
0.5318	0.4611	1.1712	1.1354	1.8744
-0.0428	0.2259	0.1089	0.066	1.4154
0.3764	0.1978	0.3691	0.5344	2.056
0.3397	1.0139	-0.8776	-0.6966	1.2143
-0.3649	0.1725	-0.0613	0.0749	1.3519
0.1504	-0.7629	-1.5798	-1.1906	-0.7817
-0.4585	-0.7414	0.2139	0.317	0.0624
0.0155	0.2812	-0.4567	-0.5177	0.3756
-0.0744	-0.9397	-0.3296	-0.1709	-0.4553
0.1609	-1.7246	0.793	1.1245	1.8519
-1.2569	-2.0456	0.4188	0.7099	1.205
1.0536	0.1486	2.1262	2.298	0.9317
-1.9423	-0.7237	-0.2314	-0.3681	0.9729
0.0474	0.0465	-1.0072	-1.0452	-0.8354
-1.6721	7.9934	-1.9739	-2.0865	-1.7405
-1.1405	-0.252	-2.7559	-2.6695	-1.7292
-0.7735	0.9371	-0.2295	-0.1783	0.5262
-1.0634	0.7542	-0.5337	-0.4576	0.3427
2.3595	0.8004	0.522	0.3139	1.0057
0.0833	0.5371	-1.0385	-1.0315	0.1799
-0.3422	0.3013	-0.3548	-0.3106	0.734
-1.0969	0.2625	-0.8914	-0.7024	-0.9978
0.1437	-1.3281	0.8831	1.1404	1.4229
-0.3633	0.3924	-0.9571	-1.3352	-1.9881
-0.8771	-0.1356	-0.1836	-0.2482	-1.7638
0.349	0.5022	-0.189	-0.0844	-0.6853
0.1345	0.5473	0.5113	0.5067	-0.3219
0.1501	0.3984	0.5798	0.6055	-0.3731
0.136	0.3689	0.4455	0.5262	-0.3258
-0.221	1.1744	-2.2835	-2.3217	-1.4475
-1.2477	1.0669	-1.7652	-1.8342	-1.6196
-0.2153	0.7854	0.1229	0.3183	-1.1628
0.7705	0.7804	0.7956	0.6346	1.5348
0.4759	-0.793	0.0963	0.2312	0.841
0.7491	-0.2096	1.0946	1.1325	0.9695
0.1927	-1.1637	-0.2324	-0.0486	0.3628
-0.0968	0.0628	-0.3289	-0.1712	0.3189
-0.151	0.1532	-0.4551	-0.3214	0.286
-0.058	0.4965	-0.2355	-0.1786	0.5335
-0.0648	2.639	-0.5745	-0.8221	-0.5932
0.9445	0.6687	-0.2683	-0.22	0.5409
-0.24	-0.5835	0.0655	0.5348	0.0623
-0.017	0.0684	-0.0025	0.3245	-0.9658
-0.3546	0.129	0.1836	0.3939	-1.2999
-0.7938	-0.0892	-0.9697	-0.6111	-1.2172
-0.4433	0.2435	0.1545	0.2601	-1.4363
-0.0424	0.113	2.5857	2.2917	0.5389
-0.5494	0.4975	-0.0037	-0.104	0.4178
-0.5496	0.4941	0.3682	0.3666	0.562
2.6102	1.4855	0.5653	0.5956	1.9869
-0.1215	-0.3772	-0.7537	-0.8072	-0.8712
-0.7415	-0.6828	-1.4576	-1.326	-0.7419
0.6573	1.1823	0.1455	0.1886	-0.1503
-0.0418	-1.7657	0.1043	0.2773	2.2805
-0.2888	-1.2573	-0.0013	0.1428	0.18
-0.4996	-1.0677	-0.2059	-0.0203	-0.5766
-0.5849	-1.0778	-0.9209	-0.6449	-0.699
-1.2512	-0.7545	-0.8269	-0.8418	-0.7628
-0.3111	-0.7023	-0.3977	0.0166	-0.4012
-0.5464	-0.9191	-0.3823	-0.2176	-0.2982
0.8764	0.6995	-3.088	-1.7812	5.3854
-0.5109	-0.7951	0.4286	0.3567	0.849
-0.4601	-1.6854	-0.0207	0.2322	-0.7724
-0.4963	-0.0182	-0.5868	-0.8453	0.326
-0.1163	-0.0825	0.381	0.473	0.3716
-2.3913	-0.0668	2.1564	1.9995	-1.7855
0.4092	-0.7949	0.7818	0.9641	0.5006
0.0701	-0.6281	-0.5145	-0.0272	0.1308
0.8797	-0.3724	0.3191	0.7451	0.218
-0.3235	0.7229	0.71	0.5129	1.4465
-0.6332	-1.3216	0.0812	1.0033	-3.2846
0.044	0.6033	-0.3045	-0.2157	-1.1157
-0.2963	-0.2499	0.1696	0.3059	1.231
-1.3292	-0.9425	-0.8736	-0.0839	-0.6038
-0.9032	-0.5516	-1.4237	-0.5243	-0.7657
0.1933	-0.1411	0.8607	0.7969	-0.2899
-0.0364	-0.3465	0.7355	0.8822	-0.2863
0.5486	-0.1128	0.9515	0.9036	-0.355
-0.2085	0.0043	-0.2735	0.2793	-0.762
-0.1376	-0.5879	-0.0142	0.6282	-0.4441
7.6842	-0.1338	-0.0357	0.1841	4.2458
3.0387	0.4651	1.2276	1.458	1.3531
0.414	-0.5153	1.208	1.5017	0.6691
-0.0188	-1.0844	1.5827	1.5782	-0.6813
0.5497	0.2206	2.6356	2.3409	-0.6726
-0.4873	0.58	-1.2932	-1.5057	-0.7715
0.3643	-0.699	0.5432	0.6498	0.0995
1.1981	0.9229	0.589	0.7357	0.4097
-0.0495	0.8626	-0.7245	-0.4941	-0.2465
0.3697	2.0305	1.112	1.0657	-0.9495
0.2393	-0.0454	0.3451	0.4759	0.0586
4.1941	1.2627	-1.3704	-1.4148	0.9805
-0.8536	-0.6573	-0.739	-0.856	-0.8472
-0.804	-0.3065	0.7319	0.5476	0.2261
-0.0717	-1.4115	0.2481	0.3645	-0.6125
-0.7525	-0.8678	1.0121	0.8872	-0.2461
-0.1952	0.705	-1.3038	-1.0436	-0.7083
-1.1989	0.4009	-2.2365	-2.1539	-0.4411
-0.0364	1.1079	-0.8944	-0.8288	-0.7513
0.2318	1.0803	-0.7963	-0.6968	-0.7945
0.6541	1.5671	-0.7698	-0.7224	-0.8741
0.293	1.3449	-0.0674	0.0384	-0.6095
-1.8471	0.459	-1.4639	-1.0322	0.2731
0.1457	-0.6001	0.0989	0.4005	2.2084
-0.2214	-0.7317	0.3724	0.4851	2.6878
0.0735	-0.549	-0.2502	0.0135	2.028
1.0059	0.2955	-0.5984	-0.5074	-0.2863
3.896	1.331	0.9152	0.6341	-0.0958
3.6572	1.8239	0.9317	0.5364	-1.065
-2.3053	-1.3924	-1.7595	-1.9219	-0.5212
0.0403	1.5567	-1.0192	-0.9717	-0.3378
0.5076	1.3408	0.1523	0.4346	0.0473
-0.9828	0.373	0.8996	0.7933	-0.5167
-1.1307	-0.4918	0.8791	1.0202	-0.3192
-0.3837	-0.3083	-0.4831	-0.248	-0.2736
0.8577	1.1716	-0.1087	-0.0965	2.1584
0.1296	-0.6964	-0.0184	0.1308	-0.025
-2.1637	7.9514	-2.9899	-3.0435	-2.1198
-0.0906	0.1562	-0.0392	-0.2047	0.2452
-0.2244	-0.7543	-0.3491	-0.2568	-0.0237
0.0356	0.0389	0.1629	0.0911	0.4871
-0.5459	-0.1773	-0.0812	-0.1827	-0.3716
0.0883	-0.3786	0.9112	0.9864	0.1414
0.694	-0.1056	0.7327	0.6716	0.2738
-0.4199	-0.44	0.7847	0.7219	0.3939
-0.7783	-1.0276	-0.1767	-0.1323	0.1671
-0.3921	-0.0424	-0.0456	-0.1382	-0.9147
0.3338	-1.1446	0.9934	1.079	1.5312
0.2484	-0.7559	0.4414	0.5127	0.5619
0.2031	-0.9782	2.0469	0.3161	-0.2676
-0.0522	-0.4627	1.976	0.0968	-0.1923
0.533	-0.2813	1.9611	0.1054	-0.5773
-0.4073	1.1933	-0.5042	-0.6214	-0.3715
0.4459	-1.3635	1.0461	1.1842	0.5675
-0.3082	-1.4543	-0.021	0.1734	0.23
0.6673	1.8582	-0.4094	-0.5385	1.399
0.2477	0.5338	-0.2581	-0.571	1.447
0.2023	1.9268	1.3381	1.2489	1.0345
0.2536	-0.7791	0.5784	0.8918	-0.0322
-0.8886	-1.2753	-0.7474	-0.287	-0.4766
0.5855	-0.0861	0.7857	1.0045	-0.0511
0.0252	-1.478	0.853	1.0838	0.0182
0.4353	-0.8053	0.6006	0.9804	-0.6845
0.2734	-0.7515	1.8359	2.071	0.0867
0.6629	0.1962	0.7326	0.8812	-0.2848
-2.1233	0.6627	-2.5154	-2.8449	-1.8006
-1.0546	0.7772	-2.1959	-2.4415	-1.9758
0.0712	-1.4611	0.9139	1.0439	0.2103
3.4117	1.2587	0.4174	-0.0723	-0.9837
1.8789	2.2473	0.6517	-0.171	-1.2017
-0.3043	-1.9917	-1.4712	-1.4488	0.8507
0.1847	-1.5369	0.8467	1.3567	0.7599
0.5129	0.629	0.7478	0.8618	0.9019
0.7446	-0.1708	1.6214	1.1183	2.0123
-0.6475	-0.2284	-0.8002	-0.8245	-0.5595
-0.3179	0.1836	0.4427	0.5261	0.5224
0.1641	0.195	0.496	0.1808	0.202
-5.6169	-1.3755	-1.539	-1.7136	-2.0581
-0.2905	-0.2036	0.909	0.7144	0.3278
-0.4761	-0.9676	-0.1323	0.1865	0.4371
-0.2339	1.9119	0.1029	-0.1212	-0.2067
0.2803	-1.0867	0.1617	0.472	2.1211
-1.3511	-0.8245	-2.1629	-2.1222	0.1554
0.5992	-0.2932	1.5573	1.5239	-0.6242
0.0869	-0.2985	-0.3629	-0.5128	-0.6983
0.3715	-0.2303	1.1925	1.1617	-1.0959
-0.2863	0.3356	-0.2993	-0.1969	-0.1756
-1.3267	-2.1314	-1.8691	-1.987	-1.8689
-1.4781	-3.2528	-1.7525	-1.6705	-1.5711
-2.0203	-2.3908	-2.0226	-2.092	-1.7643
-0.8595	-1.4111	-1.5259	-1.707	-2.1794
0.3976	-0.0134	-0.6421	-0.4823	-0.6074
-0.0289	-1.2741	0.751	0.9384	-0.1228
-0.4961	-2.0648	-0.4953	-0.2784	-0.6064
0.2409	-0.6654	0.7153	0.8737	0.4969
0.6688	0.2904	0.872	0.9895	0.4248
0.1671	0.5045	0.3072	0.3858	0.2888
0.2588	1.0248	0.0569	0.0625	0.0518
-1.0017	0.04	-2.2329	-2.0502	0.2876
0.3337	-1.3123	0.6186	0.7255	-0.0981
-0.3613	-0.9197	-0.5932	-0.4363	-0.2282
0.1879	-0.6711	0.3265	0.2451	0
-0.1463	0.5393	-0.3892	-0.8718	-0.4542
-0.3343	-0.2994	0.2146	0.0122	-0.021
-0.0098	-0.731	0.3698	0.6021	0.0496
-0.0173	-1.3663	1.0563	1.2533	0.4276
0.0652	-0.5213	0.903	1.0306	-0.6079
0.6169	-0.4677	0.7296	0.9968	0.7609
0.7489	-0.2057	0.346	1.2814	0.9218
0.2373	0.5321	0.6153	0.4829	-0.229
0.7634	-0.7588	1.3228	1.3831	-0.1032
0.4558	-1.0628	0.8507	0.9646	-0.595
0.5361	-1.1651	1.1325	1.3191	-0.5217
1.5142	-0.6042	1.5863	1.4426	1.411
-0.63	-0.6395	-1.0228	-1.0743	-0.5052
-1.2308	-1.4033	-2.0307	-2.0417	-1.0979
-1.2227	-1.0956	-2.2338	-2.2612	-1.6291
-0.5749	-0.2055	-0.9031	-0.7687	-0.1398
-0.1684	0.3332	-0.2545	-0.1278	0.2462
-0.7978	-2.0736	-0.7995	-0.4676	-0.4371
-0.7375	-2.0864	-0.9822	-0.4544	-0.4077
-0.8329	-0.4637	-1.4581	-1.7967	-0.0948
0.3556	-0.9677	1.0614	1.2337	0.8463
0.066	-1.2456	0.3844	0.7359	0.8847
2.5592	1.4932	2.0478	0.4986	0.817
0.5129	0.2091	0.8654	0.891	-0.6835
-0.2432	-0.0646	0.5921	0.8335	-1.0513
0.7032	0.2553	1.1906	1.1966	-0.5598
-0.9392	1.314	-0.7703	-1.044	0.0872
-0.8577	0.9326	-1.4555	-1.6292	-0.1145
-0.419	1.2057	-0.5983	-0.8148	-0.017
-0.4021	1.8668	0.3768	-0.0341	-0.0541
0.5261	0.2685	2.0593	2.0904	0.6314
0.4149	0.7316	1.7392	1.8829	0.4485
4.049	0.7236	0.7236	0.982	1.3605
0.5762	0.4765	1.0348	1.1961	0.5478
0.3258	0.1594	-0.0527	0.1587	0.4395
0.3807	0.7205	0.6287	0.768	0.2903
-0.0744	1.5357	-1.178	-1.3767	-0.2419
0.0896	0.1759	-0.6285	-0.5878	0.7162
0.3584	-0.23	0.1632	0.2232	1.045
-0.0846	0.0309	0.3433	0.2379	1.1281
-0.9126	1.2276	-0.6472	-0.6597	-0.5048
-0.2862	0.6567	-1.0023	-0.8662	-0.5166
-0.7567	0.2072	-1.201	-1.0269	-0.3401
-0.672	0.4788	-0.9927	-0.8578	0.3591
-0.1711	0.6768	0.2373	0.3152	0.0367
-0.2079	0.0291	0.0958	0.3681	0.5087
0.0182	0.5947	0.219	0.2499	0.3767
-1.856	0.0837	-2.0446	-1.7617	-0.5365
-0.3023	0.5219	-0.1579	-0.1109	0.2289
-0.1001	0.018	-0.6298	-0.1908	0.2177
-0.9667	-0.2194	-0.8725	-0.6395	0.0437
0.0915	1.0301	-0.0793	-0.0009	0.3492
-1.0716	0.4793	-0.2289	-0.2705	0.3041
0.5863	0.6128	0.6133	0.7271	1.8067
-0.3166	0.104	0.997	0.7902	-0.0467
-0.6829	-0.7588	2.0272	2.1289	0.2522
1.2585	0.9424	1.8437	1.2902	-1.1455
1.2615	0.1848	1.8951	1.5812	-1.3493
0.8222	1.2711	-2.0214	-2.2342	0.8718
4.1616	0.8278	0.291	0.7098	1.1856
4.1999	0.4524	0.3685	0.8759	1.0182
4.0729	0.7516	0.2371	0.707	1.0675
-0.7461	-3.5463	0.1844	0.3453	-1.1664
0.7482	0.0985	0.4189	0.8058	-0.1758
-0.3523	-0.3839	-0.3357	0.2428	-0.3198
-0.2056	1.5272	-1.202	-3.6807	-2.0308
0.2901	-0.7358	1.2071	1.3777	0.6825
-0.7436	-1.459	-1.0241	-0.8854	-0.1353
-0.9795	-1.5422	-0.8922	-0.8043	-0.1243
0.9717	0.0718	1.5473	1.5321	-1.1048
0.5424	0.0242	1.8644	1.8464	-1.0241
0.5918	0.0426	1.95	1.8446	-0.8836
0.6612	0.3716	1.8552	1.7135	-1.0839
-0.0624	0.6526	-0.2306	-0.48	-3.659
-0.5872	-0.2118	0.1876	-0.119	-1.4944
-1.1523	-0.6746	-0.8633	-0.986	-1.0094
-0.4249	-0.7998	-0.0857	-0.1028	-0.3885
-0.3261	-0.2273	-0.3719	-0.5088	-1.63
-0.396	0.9362	-0.476	-0.88	-1.0298
-0.6034	-1.8392	-0.7226	-0.6682	0.6892
-0.3788	-0.7329	-0.3656	-0.3955	-0.4249
-0.9489	-0.1095	-0.7752	-1.4708	-1.0038
-1.2023	-0.9114	-1.5414	-1.6239	-1.6408
-0.6243	-1.12	-0.2964	-0.3374	-0.2607
-0.7082	-0.6668	-1.2604	-1.1745	-0.5493
-0.798	-0.8739	-1.3596	-1.3586	-0.3514
-0.7395	-0.1555	-0.8187	-0.8896	-1.4322
2.0483	-0.1429	0.8457	0.764	1.7162
0.7608	0.1344	0.0534	0.0419	1.3486
0.0489	-0.0739	-0.5266	-0.5765	1.4023
0.731	-1.2511	1.0624	1.2446	3.4793
0.1318	0.6615	-0.4742	-0.6067	0.8663
0.2949	-0.1281	0.1453	0.1724	1.6608
0.1643	-0.411	-0.2157	0.1019	1.608
0.6299	0.1288	-0.3327	0.104	0.8741
0.6176	-0.3949	-0.1851	0.2572	1.0034
-0.7101	-0.253	-0.2901	-0.2634	-0.336
-1.2726	0.3587	-0.6137	-0.7284	0.0456
-1.5323	0.1091	0.7055	0.486	0.5377
-0.8324	0.4487	0.3937	0.3938	0.4043
-1.0937	0.5233	-0.0041	-0.1363	0.3433
-0.9472	1.2293	-0.1699	-0.3198	0.1018
-1.3922	-0.2269	-0.5353	-0.4027	-0.0934
2.7291	0.3651	1.1875	1.4723	1.4018
1.5375	0.1438	1.8017	1.9962	0.9026
