"canopy_height_m"	"ldmc_geo_mgg"	"leaf_mass_mg"	"leaf_size_mm2"	"seed_mass_mg"
0.1022	0.0963	6.4533	0.0994	0.0961
0.0977	0.097	0.0902	0.0927	2.3967
0.0969	0.0993	0.0914	0.0874	3.3434
6.7779	0.1047	0.0955	0.0976	0.1041
17.5649	12.108	0.0927	0.0891	0.0983
6.9475	0.1046	0.0995	0.0963	0.1008
7.5613	0.1055	0.0973	0.096	0.0987
0.1014	5.9348	0.1002	0.0989	0.1008
0.1008	0.1011	6.7273	0.1019	0.0928
0.1013	9.2626	13.5164	0.0975	0.1049
0.1006	0.0944	0.0992	0.0925	3.1037
6.638	0.1	0.0896	0.0961	0.0965
15.8179	11.7583	0.0946	0.0958	0.0976
16.4549	11.4032	0.094	0.0944	0.0955
6.2108	0.0931	0.0933	0.093	0.0975
16.9658	11.692	0.1142	0.1082	0.0987
7.5809	0.0982	0.0915	0.0962	0.1007
0.1	0.097	0.0995	2.6378	0.0966
0.0963	4.6993	0.093	0.0949	0.0971
0.0976	0.0959	11.5917	4.7138	0.1004
6.1734	0.1038	0.0912	0.0968	0.098
0.1022	0.0982	0.0909	0.0937	2.8634
15.2776	10.2069	0.0934	0.0982	0.0961
19.5831	0.0968	0.0968	8.3335	0.1022
7.6756	0.1023	9.0956	0.0941	0.1082
21.2171	0.097	15.8119	35.0079	32.3899
0.1013	0.0988	6.2743	0.0916	0.103
0.0978	0.1029	0.0909	0.0935	2.8713
0.0998	4.1387	0.0907	0.09	0.096
0.1	0.0988	15.8624	0.0959	5.9472
0.0996	0.0987	7.4224	0.0951	0.0989
6.3171	0.1037	0.0953	0.1046	0.0977
0.0992	0.0962	13.1771	0.1009	5.86
8.2419	0.097	8.2348	0.0959	0.0972
0.0973	4.6668	0.0918	0.0957	0.0932
0.0992	0.0955	0.0961	2.9313	0.1041
7.5026	0.0959	0.0945	0.0943	0.1032
0.0968	5.5172	0.0996	0.0909	0.0998
27.7516	28.5068	19.9361	0.0928	13.1058
9.7457	0.0974	8.5537	0.1036	0.0995
17.3322	11.6526	0.0931	0.0973	0.0994
0.0993	4.1307	0.0936	0.0977	0.0999
0.0918	0.1021	0.0922	0.0955	2.7442
0.1021	0.0974	0.0981	0.0931	2.598
0.0999	0.0975	8.0827	0.0995	0.1018
0.0983	0.1024	0.1107	0.108	3.1359
0.0986	0.1023	7.3215	0.099	0.0966
0.1025	0.0998	7.8795	0.0965	0.0994
0.0963	0.0956	7.5029	0.0965	0.1027
6.6359	0.0966	0.0839	0.0927	0.0986
0.0928	21.9901	0.0966	0.1007	13.0245
8.0921	0.1003	7.901	0.0969	0.0965
0.0999	4.1815	0.0996	0.0943	0.1031
0.1029	0.099	12.8921	0.103	5.6007
16.629	25.9458	0.1012	17.0769	0.0983
6.0807	0.0969	0.0937	0.0934	0.1051
0.0937	25.4804	0.1011	15.4862	0.0962
0.0957	0.1001	0.0968	2.8601	0.0989
0.1009	0.0973	7.2894	0.0993	0.098
0.0952	0.101	0.0963	0.0937	3.19
0.096	0.1006	0.0952	3.0331	0.096
0.0989	5.1679	0.0916	0.0999	0.1011
0.0994	5.0727	0.1484	0.1336	0.0989
17.0122	21.8871	0.0965	0.0921	12.8235
0.0922	0.0942	0.096	2.3578	0.0999
0.0985	0.0951	7.8594	0.0967	0.1007
0.0995	19.3277	0.0959	0.0989	11.6589
0.0981	0.098	0.0986	2.6183	0.0966
15.2928	10.4564	0.098	0.1	0.0982
0.1011	0.0956	0.1013	3.0069	0.0963
6.9005	0.097	0.1033	0.1048	0.0987
9.0346	0.0975	7.1931	0.0999	0.1023
0.1021	0.092	7.0356	0.0989	0.0935
0.0975	20.6322	0.0952	0.0908	12.1325
0.0975	0.0973	7.6298	0.1043	0.1024
0.0977	0.1035	12.0444	24.717	24.9835
0.1068	0.0953	0.0992	3.2078	0.097
0.0982	0.1029	0.0942	0.0957	2.8196
0.104	0.1029	6.771	0.1016	0.1011
0.0978	19.1427	0.1014	0.1025	10.825
0.0961	0.094	0.1007	2.8775	0.098
0.0962	4.1773	0.0889	0.0974	0.1018
24.3704	0.0964	15.7628	0.1017	13.4966
0.1062	0.1035	11.9772	4.649	0.106
0.104	8.5394	14.6056	0.0995	0.0981
17.4757	0.0987	0.0977	7.578	0.1
0.0915	4.3954	0.0896	0.0953	0.0998
0.1012	0.0988	0.0994	3.3501	0.0989
17.5231	11.7547	0.1005	0.0938	0.0982
15.9832	0.1035	0.0996	0.0974	6.422
17.9828	11.8793	0.096	0.0951	0.0999
0.0932	0.1004	5.9489	0.0967	0.0985
7.9426	0.1051	0.0927	0.0916	0.1032
16.1686	0.097	0.0999	31.1179	27.529
5.8285	0.0975	0.0918	0.0926	0.0988
15.1311	0.1002	0.0972	0.0921	6.5984
0.0974	0.0984	0.0942	0.0979	2.3867
0.1077	3.9346	0.0961	0.1063	0.1005
0.0931	0.0997	0.1047	0.1067	3.4946
5.8482	0.0969	0.0898	0.0943	0.0953
0.1028	5.0529	0.0915	0.0957	0.1045
0.0946	0.0966	0.101	2.5204	0.1003
6.9916	0.0931	0.0916	0.099	0.0986
0.0975	19.9114	0.1014	12.8598	0.0966
6.8973	0.1083	0.0983	0.0905	0.1027
0.1015	3.8729	0.0899	0.0957	0.0981
0.0977	0.1006	0.0938	0.096	3.1324
0.0962	0.0983	7.858	0.0938	0.0993
0.0985	4.2739	0.0962	0.0955	0.0942
16.2095	11.043	0.0934	0.099	0.1052
0.0995	22.7858	0.0916	0.0946	13.6665
6.9838	0.0953	0.0949	0.0952	0.0994
0.0991	9.7891	13.0373	0.1	0.0996
0.0982	5.0109	0.1018	0.1022	0.1008
21.6232	0.1003	17.1906	0.096	12.1405
18.1911	0.0941	0.1022	7.4895	0.0952
17.3776	0.0977	0.0949	6.8572	0.0985
21.6033	14.2098	0.0922	0.0948	0.0983
6.5136	0.0978	0.0913	0.0897	0.0964
0.0956	0.0978	0.1037	0.0926	2.4929
0.0977	26.3015	0.0961	16.0921	0.0987
0.1019	0.0996	0.0982	3.3803	0.1033
0.0994	0.0983	0.1007	3.7303	0.0997
0.0961	0.098	0.0974	0.0962	2.7715
9.4652	0.1005	8.5447	0.0958	0.0994
0.1003	0.094	0.096	0.0952	2.9557
0.1002	8.9584	12.9091	0.1086	0.1014
0.0976	0.1022	0.0983	0.0918	3.0912
17.0162	0.0965	0.1037	7.0478	0.104
17.5746	0.1036	0.0981	7.3961	0.0987
0.0978	0.104	0.1005	0.0897	2.663
5.9172	0.0991	0.0937	0.1027	0.1024
6.6078	0.0989	0.1038	0.095	0.1017
0.0952	0.0974	0.1012	25.586	24.4352
17.251	0.1041	0.0983	7.7275	0.1004
0.1019	0.0996	5.4639	0.0994	0.0988
8.984	0.099	8.2561	0.0992	0.0939
0.0973	0.1055	0.1065	0.096	2.6857
0.0989	3.6422	0.0967	0.0974	0.102
0.1017	0.1063	0.1042	0.1031	2.3619
19.3901	0.1013	14.6616	11.8174	0.0975
0.097	0.1004	6.615	0.1002	0.0971
16.3918	0.1024	0.0975	0.0958	6.218
0.0966	0.0941	0.0928	0.0895	2.5211
0.1014	0.0974	0.1	2.4574	0.1023
0.0969	0.1025	6.4962	0.0994	0.1
0.1	4.5445	0.0939	0.0961	0.1067
0.0982	0.095	0.0921	26.6349	24.822
0.0973	4.4478	0.0958	0.0954	0.0915
0.0968	0.0971	0.0984	0.0975	2.679
0.1009	17.6893	0.0995	0.093	10.7292
0.1017	0.0992	13.0859	0.1021	4.9674
20.9857	14.5851	0.0975	0.0917	0.0995
0.0975	0.1	6.6542	0.0976	0.1015
15.932	10.6553	0.098	0.096	0.1007
0.0966	0.1012	7.6446	0.0993	0.1006
0.1034	4.3809	0.0953	0.0979	0.0957
0.0977	23.7517	0.0955	14.2823	0.0928
15.633	0.0964	0.1005	0.1005	6.78
0.0978	24.54	0.0939	34.6068	29.9521
0.0988	4.2269	0.0952	0.0971	0.0941
0.0982	0.0924	5.7672	0.0985	0.0976
0.0965	19.1773	0.1024	12.0401	0.1005
0.0991	0.0988	15.2781	0.0932	6.0139
19.0904	22.0633	0.0998	29.0641	28.744
16.5164	0.1028	0.0961	0.0964	6.7639
0.0995	0.0963	0.0999	2.8966	0.0946
0.0973	0.0962	0.1025	2.3433	0.0962
0.0954	0.096	0.0935	0.1016	2.319
16.0905	0.0976	0.0996	0.0943	6.2916
0.0957	0.0998	0.0945	2.7727	0.0957
0.0878	4.3459	0.0967	0.0961	0.093
7.0063	0.0976	0.0936	0.0937	0.0999
0.0997	4.1065	0.0959	0.1003	0.1022
0.108	21.2121	0.0927	0.0905	12.3644
0.1008	0.1016	0.0972	0.0982	3.0447
0.1036	26.7247	11.4217	15.5649	0.0955
0.099	23.0791	0.0951	14.7051	0.1016
10.7818	0.1017	10.7356	0.0996	0.101
0.101	4.5037	0.0936	0.0946	0.1015
0.096	0.0949	6.5991	0.0964	0.0998
0.1032	4.8577	0.0999	0.0953	0.1026
7.0328	0.0934	0.0959	0.0884	0.0971
0.1035	0.0996	0.0938	0.0957	2.7078
0.0983	7.8614	10.6975	0.1017	0.0986
0.1009	0.0993	13.4682	5.7143	0.0984
0.0974	4.5658	0.0909	0.0964	0.0917
0.101	0.0909	0.0911	0.0941	3.1697
0.0961	0.0991	0.0993	4.0804	0.0983
0.1059	0.1042	6.489	0.0934	0.1036
0.1005	0.1044	0.0962	27.2877	25.772
0.1019	0.0977	0.0986	3.3681	0.1041
0.1033	0.1057	0.0889	0.0898	3.0822
0.0995	0.0941	0.1054	2.6866	0.1027
20.1573	0.1052	14.578	12.4395	0.0976
0.0994	9.446	13.0279	0.1007	0.0982
0.0986	0.1029	0.0954	0.097	2.791
0.1046	0.0945	0.0967	0.1004	2.5836
0.1005	0.0971	0.0964	2.6666	0.1009
0.0988	0.096	13.7116	6.291	0.1012
0.0962	0.0963	0.1014	0.1068	2.5611
0.0956	0.101	7.3526	0.0976	0.0978
0.1008	0.0906	0.0929	0.0928	3.3137
0.0967	0.1007	0.1023	2.7799	0.0992
0.1048	8.3142	11.9629	0.101	0.0935
0.0997	4.4108	0.0908	0.0933	0.1004
0.0941	3.7982	0.0913	0.0981	0.0972
0.0985	0.0994	0.0895	0.0887	2.307
20.3259	0.0951	17.5863	0.0931	11.644
0.1006	0.0996	14.6713	5.8808	0.095
17.4466	0.0932	0.0955	0.0998	7.017
0.094	19.6052	0.0945	0.0963	12.1285
0.0975	0.0964	0.0931	0.094	2.8918
0.104	4.7172	0.0906	0.0927	0.0949
0.0981	0.0998	0.0979	2.9355	0.0947
0.0945	4.1367	0.1062	0.1	0.0997
20.5425	27.0609	0.1018	31.2892	27.3863
0.0959	0.0933	0.1018	23.0797	21.5835
7.6811	0.0964	0.0967	0.0956	0.0945
0.0961	0.101	7.1837	0.1065	0.0994
0.1051	0.0923	6.7964	0.0984	0.1021
15.6265	0.1042	0.0957	28.1135	25.9571
14.8705	0.1014	0.0949	0.1062	5.9838
16.8907	0.0973	0.097	0.0971	6.6911
0.1005	0.1018	11.7557	5.1859	0.0975
15.069	0.093	0.1011	0.0993	6.013
6.833	0.0992	0.0971	0.1013	0.0956
0.103	0.101	0.102	2.1095	0.1017
13.5677	8.3368	0.1008	0.0966	0.0943
0.1014	0.1027	12.2923	0.1005	5.4786
0.1006	5.6574	0.0975	0.0927	0.1037
6.3191	0.0988	0.0977	0.1012	0.0915
0.1003	4.0131	0.0994	0.0958	0.1003
0.1038	20.6538	0.0938	0.0972	12.6924
22.6822	0.0985	16.0378	0.105	12.9885
16.8157	12.358	0.0882	0.0959	0.0925
19.9022	0.1028	0.0866	0.097	8.1394
16.4343	22.7854	0.0977	13.5354	0.1021
0.0983	0.102	0.0983	0.098	2.9078
15.4921	0.0977	0.0916	0.096	6.5605
0.1049	0.0978	0.0933	0.0969	2.7114
0.0999	4.5575	0.0948	0.0962	0.1008
16.8523	11.2474	0.0945	0.0955	0.0987
15.5181	0.0969	0.0948	7.2416	0.0999
0.1072	0.0981	0.0932	3.1574	0.1038
7.7962	0.0939	0.1075	0.1004	0.1003
0.1015	0.099	0.1064	3.4488	0.098
0.105	0.099	0.1208	0.1147	2.6505
0.0959	0.0966	6.772	0.099	0.1077
0.1037	9.6184	13.9943	0.1004	0.0994
0.101	0.1035	6.9002	0.1	0.1051
0.0996	20.6192	13.4877	0.1	11.0543
0.1062	10.4946	15.1562	0.1028	0.1056
0.1006	0.0947	6.1195	0.0936	0.1015
0.0996	0.096	0.0944	0.0928	2.6877
0.1002	0.1007	0.0941	0.0927	2.6558
0.0984	0.0946	0.0976	2.6384	0.0933
0.0998	0.0964	0.1042	27.8736	26.724
6.6021	0.1003	0.0968	0.095	0.0988
7.3063	0.0988	0.0944	0.1001	0.0999
6.3621	0.1031	0.0955	0.0994	0.0999
9.8744	0.1005	8.5887	0.1051	0.1038
0.1034	0.1011	0.0976	2.9996	0.0974
6.2171	0.1024	0.0881	0.0908	0.097
9.4171	0.1015	9.3046	0.0973	0.0911
0.0994	0.101	0.0947	2.6624	0.1012
9.5732	0.1016	9.5878	0.1025	0.1023
0.0977	0.106	0.0934	2.8908	0.1071
0.0977	0.0979	11.7025	5.1057	0.0998
0.1013	17.5563	0.0982	10.8038	0.0977
0.1035	0.0935	6.2694	0.0966	0.1012
0.1055	18.2532	0.101	11.0576	0.1014
6.9897	0.0906	0.0895	0.0914	0.1034
6.3011	0.0938	0.1019	0.0906	0.0964
0.0999	0.0991	0.094	0.0906	2.9495
0.0971	0.104	5.9766	0.1017	0.0993
23.118	28.0589	18.9859	0.1004	15.1345
0.1022	23.9837	0.0938	0.0988	14.0413
0.1034	22.9721	0.0888	14.1283	0.0972
16.2109	11.5642	0.0936	0.0936	0.0979
7.3606	0.1013	0.0918	0.0956	0.1035
9.4237	0.099	8.8465	0.1023	0.0972
0.1041	0.0986	0.0995	2.8089	0.0979
0.0994	0.0966	0.098	0.0997	2.1905
0.0988	0.1005	6.9649	0.1009	0.1049
0.0977	24.8556	11.805	0.0971	13.585
0.0985	0.098	12.436	0.0985	4.8374
0.1018	17.9152	0.1086	0.1078	11.4492
0.0984	9.1164	13.8808	0.0978	0.0985
18.5959	0.0966	0.0959	8.1288	0.098
0.0997	22.0076	13.1614	0.1061	12.5293
0.0974	20.4002	0.0944	0.0953	12.3936
7.2337	0.1004	0.1022	0.0925	0.0962
9.6418	0.0987	9.7932	0.0986	0.0991
0.096	0.0982	7.1545	0.1007	0.0989
0.0955	4.091	0.0968	0.1033	0.0974
0.0961	0.0979	12.6947	0.0936	5.7982
7.3236	0.1033	0.1011	0.0953	0.0961
17.8779	0.0983	0.0977	0.0971	6.9907
0.098	0.0991	0.0931	0.0974	2.6029
6.6071	0.0993	0.0941	0.0953	0.0978
0.1027	0.0985	12.7887	0.0964	5.1973
0.0971	0.1009	0.0959	0.1006	2.9417
0.1013	0.1016	0.102	0.1032	2.5928
0.0999	0.0953	5.8447	0.0956	0.1018
16.4964	0.0983	0.092	0.0937	5.9157
0.0979	0.0952	0.0952	2.9862	0.1015
17.2033	11.8874	0.0913	0.0987	0.0953
25.9137	0.098	18.2104	15.4589	0.1012
21.9124	21.1668	16.9908	0.0948	0.0998
0.099	5.7388	0.088	0.0931	0.1045
0.0994	0.0994	0.095	0.0906	2.5704
0.0979	0.1009	7.259	0.0966	0.1017
0.099	0.1023	0.096	0.0953	3.2523
0.0962	0.0974	0.1041	2.8926	0.0948
9.2658	0.0934	9.4659	0.093	0.0988
0.1015	23.3014	0.0938	0.1003	13.296
0.0982	0.104	0.0922	0.0896	2.6545
0.1027	4.7484	0.1	0.1004	0.0987
0.1051	0.1034	0.0961	2.9021	0.0963
0.099	4.4324	0.1033	0.1085	0.0985
6.7722	0.0992	0.0923	0.0938	0.0967
17.2352	0.0969	0.1127	0.1015	7.2667
0.1062	0.1029	0.0959	0.0997	2.9259
0.0978	5.0821	0.0974	0.1004	0.1011
17.1691	10.7935	0.0973	0.0937	0.1029
0.1002	0.0951	7.2798	0.098	0.0984
6.5682	0.1052	0.0932	0.0971	0.0929
0.097	4.2355	0.0958	0.0931	0.1012
0.0953	21.0962	12.8888	13.1816	0.0927
0.0992	19.5227	0.1032	12.9389	0.0991
0.0941	0.0979	6.6409	0.1058	0.0998
0.1012	4.6346	0.0974	0.0951	0.0977
0.0982	0.1005	5.6618	0.0994	0.0992
0.0952	0.0993	0.0982	0.0933	3.083
0.1012	0.098	0.1199	0.1163	2.8949
0.0991	0.1015	11.4284	5.3498	0.0971
0.1014	21.2491	0.0911	0.0909	12.7503
0.0998	9.6691	15.2487	0.1033	0.1037
0.1042	0.0954	0.1034	0.099	3.0082
0.0929	0.0984	0.1002	2.8832	0.104
20.0053	0.0983	0.1038	8.4325	0.1025
0.1043	0.098	0.0983	32.2144	30.7259
0.095	0.099	12.0998	0.0969	4.6666
0.0978	0.1069	0.0972	0.1043	2.5187
0.0994	0.0958	0.1015	25.2633	23.7175
18.4395	0.0971	0.0963	7.7479	0.1003
19.2528	0.1035	0.0979	8.3563	0.0989
0.0966	19.2608	0.1048	11.5324	0.1036
17.6118	0.0942	0.0944	0.096	6.9351
7.1004	0.099	0.1009	0.1019	0.0995
7.3534	0.0992	0.0898	0.0964	0.0921
0.1004	4.5881	0.0976	0.101	0.0954
0.1003	0.1012	7.3917	0.0974	0.1043
15.6131	10.6896	0.0926	0.0947	0.0988
0.0999	0.0947	0.0995	2.8863	0.104
19.5835	0.0991	0.101	8.2734	0.1071
16.0569	0.0995	0.099	0.1017	5.8667
0.1014	0.0963	0.0953	0.1046	2.6964
0.0989	0.0981	0.1019	3.4849	0.1036
0.0932	0.0998	6.1583	0.0903	0.1047
19.5296	12.645	0.1005	0.0992	0.0955
0.0991	9.2611	12.1907	0.0959	0.0981
0.0989	0.1009	0.0962	0.0921	2.7509
0.0996	0.0947	0.0981	2.5213	0.1042
0.1084	5.7676	0.0947	0.1015	0.0974
0.0976	0.0963	0.0925	0.0962	2.4329
0.0981	0.1047	6.9945	0.0997	0.0962
5.8307	0.0991	0.0964	0.0954	0.1001
6.2632	0.1019	0.1004	0.0994	0.0927
0.1035	4.9341	0.0983	0.0971	0.104
0.0943	0.0994	0.0985	0.091	3.0087
18.6247	0.0945	0.0992	0.0953	6.9806
15.754	0.0977	0.101	30.7948	29.1159
0.0985	0.1047	0.0955	0.0965	3.1
0.0962	4.6737	0.0969	0.0929	0.0979
0.1008	21.4347	0.1021	29.1966	26.7256
6.6787	0.0915	0.0881	0.0914	0.0938
5.6384	0.0986	0.0926	0.1013	0.0989
0.0933	5.002	0.0934	0.0957	0.0966
0.0995	0.1021	12.706	0.0949	5.1043
0.0974	3.6141	0.0968	0.0913	0.0993
0.0947	0.1024	0.096	2.5228	0.0937
0.0979	0.1012	0.0939	2.6	0.1001
5.48	0.1	0.0925	0.0889	0.1023
15.6954	0.1016	0.1014	6.3869	0.0954
0.1022	0.1035	0.1025	2.9003	0.0957
0.1006	0.0932	6.0035	0.1015	0.0984
17.8004	0.0964	0.1031	7.5792	0.0978
0.101	22.3834	0.0993	13.8554	0.0998
0.0947	23.7935	0.0981	29.6635	29.8862
0.1019	0.0968	14.9018	5.9128	0.0949
7.9125	0.1012	0.0948	0.093	0.1009
0.0967	5.23	0.0941	0.094	0.1008
0.0995	0.0962	0.0958	0.0948	2.7301
0.0954	0.1025	0.1033	27.6203	26.933
0.1039	0.0935	0.0949	24.5847	23.1134
8.4769	0.0989	7.7212	0.0957	0.0999
0.1046	0.0987	0.0919	0.0985	2.9552
0.1032	4.2062	0.0892	0.1031	0.0991
0.1013	23.0594	0.1045	14.1656	0.0971
0.0996	4.498	0.0874	0.0945	0.1003
0.0951	0.1028	6.1049	0.0948	0.0999
0.1011	0.0968	0.1024	24.1592	23.6363
0.1031	3.7392	0.0888	0.0869	0.098
6.7512	0.0953	0.0942	0.0939	0.1
0.1052	11.0326	15.4299	0.1033	0.0961
0.099	0.1022	8.6915	0.101	0.0908
0.1045	29.0435	0.1042	31.1596	23.4155
7.524	0.1004	0.1002	0.0958	0.105
0.1012	0.105	0.105	3.5865	0.0953
0.1024	0.1011	6.4879	0.0957	0.0969
0.1032	0.0993	12.7343	0.0981	5.1552
0.0956	0.0969	6.5388	0.1	0.0939
17.3204	0.0957	0.102	32.119	27.7148
0.0999	5.6398	0.0969	0.0929	0.0989
0.0947	0.0976	0.0953	0.0952	2.5933
0.0952	0.0956	0.0925	0.0926	2.3682
0.1045	0.0961	6.6865	0.1024	0.103
16.3499	11.7472	0.0991	0.0946	0.1031
17.529	0.0913	0.0985	7.294	0.0992
0.1002	0.096	0.0993	28.8771	28.0983
0.0984	0.1071	0.0982	3.3484	0.0964
0.1035	25.3875	14.8779	0.1045	14.4874
0.096	0.1038	8.1848	0.0982	0.0992
29.2542	34.7472	25.3766	0.1019	14.2815
0.1008	0.1044	6.1143	0.098	0.1026
0.1016	0.0937	13.5504	5.5107	0.0987
0.1009	9.6372	14.1181	0.1019	0.0979
0.1005	10.6757	15.758	0.1008	0.1009
15.2993	10.1284	0.0937	0.0963	0.0888
6.3686	0.0928	0.109	0.1095	0.0998
0.0967	0.0981	14.6498	5.4737	0.0995
6.8588	0.0964	0.0948	0.0921	0.1008
0.093	0.0976	0.0939	0.0987	2.6496
0.101	5.1955	0.0953	0.0912	0.1024
5.6593	0.0953	0.1004	0.0965	0.0974
0.1053	0.0939	5.7743	0.1007	0.0973
0.0973	0.103	0.0962	2.7455	0.0996
5.7277	0.0957	0.0914	0.0917	0.0957
0.1004	0.0993	6.2871	0.1001	0.1006
0.0968	0.1045	0.0939	2.9187	0.1039
0.0967	4.4723	0.1028	0.1003	0.1017
0.0998	0.1026	0.1035	2.7916	0.0992
0.0992	0.0975	0.1035	26.8297	25.3814
0.1	0.1046	0.0953	2.7259	0.1009
16.9233	0.1	0.0945	6.9148	0.0969
7.6693	0.1016	0.0919	0.0953	0.097
0.1009	0.0954	0.1009	0.0943	2.8506
15.8973	0.0972	0.1017	0.0954	6.3131
0.0969	21.88	0.0983	13.7406	0.0978
0.1049	0.1032	0.0983	0.0867	2.5394
0.094	4.5374	0.0909	0.0986	0.099
0.0965	0.1018	0.0969	0.0941	2.7052
8.808	0.1073	9.0982	0.1011	0.096
16.0569	10.6896	0.0991	0.0972	0.0981
0.1065	0.096	0.0955	27.6069	26.465
0.1043	0.098	15.3536	0.1033	6.167
0.098	11.2512	15.0396	0.0984	0.1014
0.0957	4.5358	0.0949	0.0939	0.099
0.1026	0.0975	0.0946	3.5644	0.1038
0.098	0.0947	6.9832	0.0964	0.1038
15.8611	0.1029	0.1053	0.1071	6.0523
0.0996	0.0976	6.7074	0.0993	0.1016
15.3712	0.0973	0.0972	0.0984	6.1009
0.0999	0.0983	11.82	5.624	0.1028
7.6735	0.0966	0.1034	0.1005	0.0978
0.1021	18.9051	0.0935	29.3546	25.4441
0.1013	4.7248	0.0912	0.0939	0.1009
0.0935	0.0999	0.1005	2.7246	0.093
6.8494	0.095	0.0891	0.0947	0.0974
0.099	5.4738	0.0952	0.0967	0.0997
0.0964	24.7142	12.8179	0.1006	12.6968
0.101	0.0998	7.061	0.1007	0.0973
16.5702	0.1031	0.1019	0.0974	6.7701
0.095	5.1251	0.0929	0.0969	0.0989
17.1806	20.4524	0.0891	0.0958	13.471
0.0953	0.0969	5.4521	0.09	0.0931
0.1005	0.0995	0.1055	31.2744	29.3167
0.0985	22.0296	0.0975	0.0971	13.5354
6.1208	0.097	0.0931	0.0904	0.0989
0.0966	0.0955	0.0977	2.9015	0.1031
0.0969	19.7074	0.0917	32.1047	30.0488
0.1014	0.0987	6.3772	0.1027	0.1012
0.0937	4.1137	0.0954	0.0988	0.0905
7.0143	0.0984	0.0972	0.0952	0.1053
8.2927	0.0975	0.0952	0.0974	0.0965
0.0938	3.9827	0.091	0.0925	0.0996
0.0992	0.0988	6.7899	0.096	0.1054
18.0117	0.1003	0.1024	7.2724	0.1021
0.1043	0.0988	0.0942	0.0912	2.8014
19.266	13.8305	0.1022	0.0974	0.1015
0.0984	0.0951	0.0983	0.0924	2.808
6.1244	0.0987	0.1023	0.1097	0.0941
0.0987	0.101	0.1008	2.6704	0.1039
6.2764	0.1019	0.0946	0.0964	0.0942
0.0945	0.1019	0.0968	2.8	0.1023
0.0999	0.1003	0.0979	29.5202	27.2871
5.5846	0.1011	0.0947	0.0954	0.1038
0.096	0.1034	11.9194	0.0973	5.0673
0.0988	0.0969	0.1012	2.9053	0.0956
5.5676	0.0985	0.1017	0.0949	0.1001
0.0993	0.1019	6.8309	0.1037	0.097
0.1017	0.0982	0.1014	3.2559	0.1025
6.9648	0.1018	0.1015	0.1058	0.1011
0.0976	0.0989	0.0993	2.8309	0.0989
0.0979	0.1019	4.5752	0.0978	0.1017
0.1017	0.1007	12.8059	0.0998	5.2049
0.0997	0.0983	13.579	5.7647	0.0964
0.101	0.0982	0.101	25.6544	24.1373
0.1023	0.0964	0.1034	2.513	0.0964
6.1342	0.1065	0.0931	0.0958	0.1002
8.4813	0.0959	7.9546	0.1028	0.0953
0.1019	0.1008	0.1019	0.0933	2.4856
0.1005	0.1014	0.0924	0.0923	3.529
0.1	28.475	17.045	15.974	0.0951
0.1	4.777	0.0986	0.0992	0.0975
6.8397	0.0972	0.0959	0.0896	0.0974
19.3502	23.9536	0.098	14.8409	0.0997
0.1044	8.4805	11.4516	0.1056	0.0974
0.095	4.4136	0.093	0.0941	0.1038
8.7074	0.1005	8.0623	0.0993	0.1002
0.0975	0.0992	11.8187	29.5172	29.0401
0.1014	3.6782	0.0963	0.0927	0.0991
6.1449	0.1004	0.0983	0.0931	0.1038
8.9454	0.0961	7.5649	0.0943	0.1007
0.098	0.1001	0.0975	0.09	2.4285
0.097	4.8091	0.0943	0.0983	0.098
0.1022	0.0953	0.0955	0.0971	2.7574
0.0962	4.4967	0.0928	0.087	0.0919
0.0979	0.1002	0.0939	0.0928	2.3852
6.2002	0.1036	0.0927	0.0928	0.1023
0.0958	21.6225	0.0963	0.0999	12.7959
0.1009	0.1029	12.6294	5.7181	0.096
0.0989	5.5845	0.1014	0.0932	0.0975
0.1055	0.1004	12.5067	0.0969	4.9819
0.0943	8.7192	13.3421	0.0969	0.0993
0.1041	0.1009	0.0992	26.4056	25.1774
18.9065	0.0964	0.0943	0.0961	7.6657
0.0962	0.098	6.4787	0.0972	0.1072
0.1035	3.7636	0.0993	0.0956	0.0948
7.9097	0.094	0.0937	0.091	0.1054
0.0977	17.2461	0.0957	11.1137	0.094
0.0978	0.0941	0.1021	2.7644	0.1012
0.1098	0.0993	12.4573	5.2767	0.0961
0.0976	5.094	0.0987	0.0967	0.0965
5.8395	0.0969	0.0939	0.0946	0.0914
9.9652	0.0947	9.259	0.098	0.0972
0.0962	0.1016	14.2972	0.092	5.7416
