"canopy_height_m"	"ldmc_geo_mgg"	"leaf_mass_mg"	"leaf_size_mm2"	"seed_mass_mg"
3.8718	0.0947	0.0919	0.0901	0.1016
0.095	0.0937	0.095	0.0884	0.4395
0.0922	0.101	0.0975	0.2687	0.0899
0.0954	0.0975	0.2703	0.1007	0.0934
0.5236	0.5416	0.0883	0.0845	0.1001
0.0937	0.5156	0.094	0.0966	0.0947
0.0955	0.0924	0.0964	0.2504	0.0944
0.0921	0.5341	0.0902	0.0925	0.1014
0.0896	0.1023	0.2763	0.0985	0.0981
0.4207	0.0955	0.2763	0.0989	0.0948
0.094	0.6477	0.0957	0.0943	0.0904
0.0965	0.0948	0.0946	0.0912	0.3739
0.4123	0.5032	0.0866	0.092	0.1001
0.5243	0.1001	0.2649	0.0927	0.0954
0.0979	0.0953	0.2349	0.0979	0.0954
0.4342	0.4921	0.0852	0.0882	0.0928
0.0971	0.098	0.0981	0.2227	0.0946
0.0963	0.0962	0.0915	0.0846	0.3766
0.0947	0.0936	0.2572	0.093	0.1015
0.0938	0.0885	0.273	0.1053	0.4805
0.0976	0.0996	0.0958	0.2636	0.0941
0.1	0.4691	0.0848	0.0941	0.0942
0.458	0.0976	0.0969	0.2492	0.0926
0.097	0.5599	0.0926	0.2853	0.0931
0.5056	0.1001	0.2713	0.0969	0.0974
0.5906	0.0913	0.7202	0.6994	0.5189
0.4041	0.0954	0.091	0.0884	0.0958
0.094	0.0962	0.0899	0.0878	0.4024
0.0978	0.1005	0.0837	0.0896	0.4863
0.5163	0.0932	0.086	0.0894	0.4851
0.4867	0.0972	0.0853	0.0897	0.0938
0.0951	0.0945	0.2706	0.1016	0.0969
0.5059	0.1001	0.0917	0.0937	0.5144
0.5227	0.098	0.092	0.0927	0.4743
0.0974	0.0949	0.2413	0.0977	0.0936
0.4815	0.1042	0.0921	0.0838	0.0987
0.096	0.0988	0.1083	0.2511	0.1
0.0936	0.0941	0.0987	0.2543	0.0886
0.5252	0.6269	0.3101	0.099	0.4957
0.0986	0.0982	0.9068	0.097	1.9304
0.5202	0.0914	0.2669	0.0981	0.0961
0.0944	0.1055	0.0917	0.0897	0.3897
0.0953	0.0942	0.0868	0.0896	0.3919
0.093	0.1026	0.0971	0.2125	0.0996
0.0964	0.0916	0.0952	1.3646	0.0967
0.0917	0.5439	0.0967	0.0931	0.0905
0.0966	0.0948	0.2655	0.1012	0.0903
0.0897	0.1009	0.2952	0.0972	0.097
0.0926	0.5919	0.0932	0.0908	0.097
0.0968	0.0938	0.0989	0.2356	0.0909
0.096	0.4477	0.0902	0.0869	0.4084
0.0898	0.0949	0.2613	0.1031	0.425
0.0918	0.5948	0.089	0.095	0.1
0.1001	0.0993	0.2715	0.0996	0.5029
0.0981	0.5972	0.0987	0.2682	0.5217
0.0974	0.5011	0.0897	0.0925	0.0896
0.0987	0.0953	0.1004	0.2567	0.4593
0.095	0.0972	0.3118	0.0975	0.0922
0.0969	0.5341	0.0896	0.0907	0.0952
0.0977	0.5235	0.0859	0.0927	0.0922
0.0889	0.1004	0.3032	0.0975	0.0988
0.0945	0.5381	0.0934	0.0938	0.1
0.0962	0.0946	0.2627	0.0936	0.0999
0.4443	0.5143	0.0901	0.0939	0.4539
0.0977	0.0977	0.0897	0.2234	0.0992
0.097	0.0937	0.2598	0.0934	0.0998
0.4348	0.5383	0.095	0.0909	0.09
0.0989	0.4886	0.091	0.0935	0.0971
0.0958	0.5441	0.0982	0.2688	0.1005
0.0956	0.5321	0.0937	0.0943	0.0911
0.0975	0.0955	0.0882	0.0923	0.4835
2.63	1.8443	0.0941	0.1012	0.0984
0.5179	0.0967	0.0896	0.0872	0.097
0.5541	0.5874	0.0916	0.088	0.0945
0.5183	0.0925	0.0919	0.0916	0.0943
0.0982	0.0968	0.629	0.6029	0.4825
0.4223	0.0919	0.0944	0.0849	0.0902
0.096	0.4914	0.0934	0.0911	0.0962
0.1	0.0972	0.2362	0.0967	0.0983
0.0958	0.4732	0.091	0.0972	0.4387
0.0963	0.0996	0.0981	0.2902	0.0934
0.1021	0.0948	0.2771	0.0994	0.0966
0.0962	0.4954	0.2406	0.0994	0.402
0.4074	0.0948	0.2433	0.0951	0.0961
0.4631	0.4524	0.0902	0.088	0.0944
0.4588	0.0969	0.0953	0.2698	0.0915
0.0976	0.4576	0.0899	0.0959	0.1006
0.0968	0.095	0.2295	0.0988	0.0988
0.0952	0.4616	0.1001	0.2524	0.0987
0.4794	0.092	0.0929	0.27	0.0978
0.4045	0.0988	0.0892	0.0894	0.3944
0.0938	0.1038	0.2303	0.0903	0.0948
0.0936	0.0937	0.2356	0.0945	0.091
0.4349	0.4765	0.0947	0.0927	0.4266
0.0943	0.098	0.0869	0.0866	0.3889
0.0941	0.0966	0.2164	0.0934	0.4268
0.0935	0.0974	0.2184	0.0929	0.0961
0.4487	0.0917	0.0805	0.0827	0.0968
0.0962	0.4457	0.087	0.0838	0.0957
0.4365	0.1001	0.0884	0.0933	0.0896
0.0967	0.4266	0.0934	0.0878	0.1003
0.4018	0.0958	0.0835	0.0869	0.0899
0.4237	0.1014	0.0922	0.0867	0.0893
0.425	0.0955	0.0956	0.2164	0.0955
0.0947	0.4334	0.0919	0.0899	0.0959
0.0985	0.0919	0.0969	0.223	0.0975
0.0971	0.0934	0.0888	0.0904	0.3964
0.0917	0.0948	0.0897	0.0881	0.4228
0.0964	0.4405	0.0976	0.0921	0.0981
0.4684	0.453	0.0916	0.0917	0.0971
0.0987	0.0971	0.1018	0.2152	0.4163
0.0994	0.0968	0.0827	0.0888	0.4002
0.0909	0.4917	0.0923	0.2243	0.0981
0.0925	0.0951	0.0962	0.2643	0.0943
0.1026	0.0916	3.18	4.3218	3.1933
0.4939	0.0971	0.0942	0.2689	0.0997
0.0931	0.0949	0.5224	0.5033	0.0941
0.4635	0.4854	0.09	0.0905	0.095
0.0984	0.0956	0.0927	0.0881	0.4001
0.1003	0.0968	0.0949	0.0898	0.3928
0.0961	0.4603	0.2644	0.0939	0.0971
0.0942	0.5703	0.0888	0.0883	0.1014
0.1009	0.0919	0.1006	0.3023	0.0921
0.099	0.467	0.0866	0.087	0.096
0.4202	0.0969	0.2472	0.0971	0.0946
0.4221	0.0915	0.0912	0.0918	0.0935
0.0936	0.4876	0.2445	0.0936	0.0913
0.4753	0.0945	0.0876	0.0864	0.0952
0.5239	0.0974	0.1028	0.287	0.1001
0.5241	0.1003	0.0977	0.3043	0.0912
0.0997	0.0938	0.0974	0.2534	0.0905
0.0972	0.0975	0.275	0.0946	0.1003
0.093	0.0944	0.102	0.2718	0.0937
0.5189	0.0934	0.097	0.2338	0.0906
0.5247	0.095	0.0879	0.0839	0.4789
0.0979	0.5745	0.088	0.0899	0.0999
0.5008	0.0992	0.271	0.0961	0.0947
0.4957	0.0972	0.0927	0.0963	0.0951
0.0946	0.0956	0.0955	0.2688	0.0972
0.0928	0.5391	0.0875	0.088	0.099
4.4493	0.0934	3.6258	4.8898	0.0983
0.0911	0.0942	0.0922	0.282	0.0978
0.4309	0.0948	0.0869	0.0912	0.43
0.0923	0.0939	0.2415	0.0905	0.0932
0.4128	0.0934	0.0963	0.0939	0.0901
0.5535	0.097	0.09	0.0875	0.0949
0.0932	0.0982	0.2845	0.096	0.0985
0.0979	0.0934	0.2864	0.0924	0.4754
0.0983	0.5303	0.0954	0.0897	0.0961
0.0916	0.101	0.0926	0.0839	0.4806
0.1018	0.5825	0.0899	0.0875	0.4907
0.0996	0.0952	0.2726	0.0943	0.4901
0.523	0.5553	0.0958	0.0868	0.0887
0.0876	0.9509	0.095	0.0928	0.0911
0.0947	0.957	0.0905	0.09	0.4215
0.0972	0.0992	0.3057	0.0902	0.0929
0.0886	0.0985	0.0977	0.2565	0.1008
0.0977	0.5945	0.0898	0.0889	0.5398
0.4397	0.0962	0.2838	0.0975	0.0964
0.0962	0.496	0.5904	0.5329	0.0942
0.094	0.0968	0.2387	0.0999	0.1024
0.0943	0.4784	0.0904	0.0937	0.1005
0.0967	0.0962	0.5881	0.5686	0.094
0.0961	0.0992	0.5447	1.6856	0.0917
0.4445	0.5362	0.0978	1.6201	0.4893
0.5306	0.0921	0.102	0.2564	0.1011
0.1014	0.5014	0.0959	0.086	0.0972
0.0981	0.0937	0.2684	0.0964	0.0937
0.0966	0.0975	0.2546	0.0975	0.0941
0.095	0.0959	0.2531	0.0952	0.4693
0.4246	0.0982	0.089	0.0916	0.0936
0.1001	0.0975	0.2703	0.0964	0.0966
0.1003	0.0923	0.2514	0.0985	0.0945
0.1032	0.0969	0.0967	0.2517	0.0986
0.0933	0.4596	0.0873	0.0882	0.41
0.0973	0.1002	0.2561	0.0913	0.0955
0.0957	0.5922	0.5304	0.5191	0.099
0.0967	0.5723	0.0998	0.2917	0.0979
0.5092	0.0989	0.1031	0.2664	0.0973
0.4295	0.097	0.0833	0.0925	0.0968
0.1002	0.4398	0.0937	0.0862	0.0968
0.0996	0.0965	0.1008	0.2247	0.095
0.0929	0.0968	0.2338	0.0925	0.0948
0.0978	0.0975	0.091	0.0855	0.4238
0.4458	0.0955	0.242	0.0926	0.0983
0.0901	0.1005	0.2199	0.104	0.4164
0.4337	0.091	0.0901	0.0911	0.0959
0.1004	0.0924	0.0997	0.2128	0.0963
0.0927	0.0963	0.1016	0.2566	0.0919
0.5492	0.098	0.091	0.0933	0.0897
0.0942	0.0956	0.6162	0.6031	0.0974
0.092	0.5164	0.0863	0.0951	0.0913
0.0886	0.1045	0.0975	1.1196	0.0944
0.0941	0.0999	0.2885	0.0983	0.0975
0.5232	0.1023	0.281	0.1035	0.5256
0.0954	0.0985	0.2836	0.0986	0.526
0.1012	0.0983	0.0952	0.2282	0.0938
0.1002	0.0949	0.0941	0.2604	0.0903
0.0916	0.1002	0.0982	0.2319	0.0979
0.438	0.0964	0.264	0.0991	0.0934
0.089	0.0997	0.0903	0.0914	0.3942
0.0944	0.0964	0.091	0.2349	0.0993
0.0975	0.0953	0.2586	0.1	0.0949
0.0943	0.0968	0.0993	0.2526	0.0946
0.0981	0.0977	0.2494	0.0976	0.3962
0.096	0.0958	0.2319	0.0923	0.0975
0.0912	0.0966	0.2418	0.0957	0.0904
0.091	0.0977	0.0915	0.232	0.0896
0.4713	0.1011	0.0967	0.2345	0.4167
0.0934	0.5037	0.0947	0.25	0.0937
0.4483	0.099	0.0952	0.0881	0.3825
0.4308	0.4611	0.091	0.0942	0.0962
0.1018	0.0955	0.2674	0.1007	0.098
0.0978	0.0975	0.0852	0.0963	0.4812
0.0913	0.0968	0.2764	0.0985	0.0997
0.0967	0.5749	0.0881	0.0912	0.0927
0.4802	0.6136	0.0972	0.2469	0.4178
0.1	0.1009	0.104	0.2714	0.478
0.0999	0.0982	0.1011	2.0861	0.0985
0.0962	0.0926	0.0927	0.2544	0.0988
0.414	0.0913	0.0863	0.0894	0.0978
0.5802	0.0937	0.0975	0.2667	0.5184
0.5358	0.0983	0.0936	0.2768	0.1007
0.5537	0.0959	0.0909	0.2724	0.0926
0.0961	0.0968	0.0976	0.256	0.4801
0.4564	0.0969	0.0956	0.089	0.4544
0.0946	0.4696	0.0858	0.0972	0.0891
0.0936	0.0989	0.0981	0.2107	0.0982
0.4204	0.0996	0.2396	0.0924	0.0993
0.1062	0.4663	0.0899	0.0907	0.4379
0.096	0.0969	0.0882	0.0828	0.5009
0.0937	0.0974	0.0877	0.0874	0.5029
0.1008	0.0937	0.2998	0.0963	0.0947
0.097	2.2279	0.1001	0.0974	3.0738
0.451	0.0902	0.5652	0.5406	0.0966
0.0933	0.4537	0.089	0.092	0.4514
0.1005	0.4514	0.0915	0.0947	0.4678
0.4692	0.4856	0.093	0.243	0.0937
0.0951	0.0915	0.0903	0.0912	0.4275
0.5302	0.0995	0.0843	0.0887	0.4836
0.0974	0.0909	0.1009	0.2412	0.0962
0.0899	0.0915	0.101	0.9315	0.0948
0.0944	0.5584	0.0955	0.2693	0.0909
0.5396	0.5515	0.0936	0.0902	0.095
0.1	0.0946	0.0964	0.2265	0.0955
0.0956	0.0966	0.2292	0.1035	0.0987
0.432	0.104	0.0887	0.0869	0.1026
0.095	0.0939	0.2259	0.0891	0.0947
0.4357	0.0924	0.0886	0.084	0.0975
0.0984	0.1034	0.4957	0.4798	0.0958
0.0975	0.092	0.0891	0.0942	0.3759
0.4307	0.5181	0.2603	0.0989	0.0971
0.0937	0.097	0.2304	0.0948	0.3665
0.0985	0.0934	0.0976	0.2326	0.0936
0.0926	0.0968	0.1011	0.2457	0.0973
0.0975	0.4823	0.096	0.0945	0.0971
0.4405	0.0976	0.0908	0.0896	0.0929
0.0995	0.0972	0.0977	0.2238	0.4012
0.0982	0.0954	0.0947	0.215	0.0936
0.433	0.0918	0.0885	0.0909	0.0967
0.0921	0.0966	0.2335	0.0979	0.0974
0.5041	0.0959	0.0908	0.0878	0.4763
0.4337	0.0915	0.0924	0.0887	0.0964
0.0982	0.1003	0.0919	0.0899	0.4126
0.4446	0.0926	0.2277	0.0915	0.1031
0.0963	0.0964	0.103	0.2278	0.093
0.1001	0.0928	0.4836	0.4586	0.096
0.492	0.0946	0.0912	0.0876	0.0939
0.101	0.0968	0.6278	0.5996	0.092
0.5108	0.0928	0.0951	0.2567	0.1044
0.0949	0.0987	0.2406	0.0937	0.0949
0.1043	0.4962	0.2642	0.0961	0.0966
0.0963	0.0968	0.0959	0.25	0.0891
0.0903	0.0997	0.0891	0.0903	0.4686
5.6163	0.1008	0.0902	0.0974	0.0957
0.096	0.095	0.1001	0.2433	0.0977
0.6479	1.4592	0.0964	0.2979	0.5451
0.5902	0.5157	0.0915	0.088	0.095
0.4513	0.0998	0.0954	0.2478	0.1013
0.0891	0.4833	0.0937	0.0895	0.3877
0.0989	0.0977	0.2867	0.1037	0.0988
0.0977	0.4825	0.2936	0.0934	0.0943
0.0967	0.0949	0.2805	0.0957	0.0995
0.0949	0.0959	0.0857	0.0963	0.5489
0.0993	0.5042	0.0949	0.0911	0.0907
0.0917	0.667	0.2904	0.1025	0.5308
0.0909	0.6409	0.0962	0.0958	0.4936
0.0985	0.5686	0.0927	0.2621	0.0936
0.0975	0.0912	0.5157	0.5029	0.0974
0.4402	0.4756	0.0891	0.0926	0.0892
0.456	0.4596	0.0963	0.0911	0.477
0.0935	0.488	0.0989	0.0938	0.4188
0.0966	0.0935	0.2618	0.0941	0.0961
0.43	0.4887	0.0909	0.0893	0.096
0.4712	0.0919	0.0908	0.0916	0.0978
0.094	0.0965	0.0883	0.0872	0.4823
0.4609	0.101	0.0932	0.0934	0.4798
0.0981	0.0953	0.092	0.2511	0.0927
0.4323	0.098	0.2444	0.0966	0.0979
0.4278	0.0957	0.0957	0.0949	0.0952
0.0986	0.1	0.2398	0.0949	0.0918
0.0967	0.097	0.2751	0.0985	0.5011
0.0968	0.0971	0.2681	0.0994	0.097
0.091	0.093	0.0907	0.0967	0.5244
0.0932	0.4427	0.0942	0.0896	0.1009
0.4217	0.0999	0.1016	0.2351	0.0945
0.099	0.0947	0.0988	0.2275	0.0971
0.4349	0.4371	0.0898	0.0937	0.0994
2.529	0.1011	4.2728	3.8316	0.1007
0.4647	0.4923	0.2591	0.1051	0.101
0.0988	0.1009	0.0895	0.0897	0.4686
0.1005	0.0984	0.2779	0.0989	0.0934
0.0949	0.5656	0.096	0.0989	0.099
0.0929	0.5279	0.0895	0.094	0.0899
0.0975	0.5612	0.0882	0.0916	0.088
0.5054	0.097	0.0941	0.0884	0.4852
0.4804	0.103	0.0897	0.0873	0.4924
0.102	0.0993	0.0915	0.2113	0.0979
0.0954	0.0967	0.0945	0.2319	0.0952
0.0961	0.4547	0.0936	0.0869	0.0935
0.0924	0.0987	0.0931	0.0859	0.3987
0.086	0.4919	0.0937	0.0898	0.1001
0.1017	0.0958	1.8233	0.0916	3.7962
0.0963	0.0951	0.2652	0.0926	0.0978
0.0993	0.095	0.2613	0.089	0.0904
0.0911	0.4986	0.2506	0.097	0.0956
0.4233	0.0926	0.0882	0.0843	0.0944
0.0949	0.0928	0.0888	0.0902	4.0056
0.4191	0.0953	0.0931	0.0875	0.0962
0.0931	0.556	0.1022	0.2264	0.4041
0.0942	0.5124	0.0953	0.2272	0.0972
0.0944	0.098	0.0982	0.2606	0.0947
0.0924	0.0986	0.3307	0.093	0.1012
0.0947	0.0953	0.0909	0.2524	0.0948
0.0932	0.095	0.2845	0.0958	0.0964
0.1006	0.0982	0.0905	0.0849	2.3968
0.096	0.0935	0.0997	0.2404	2.4751
0.0976	0.0935	0.0971	0.2482	0.3965
0.1043	0.4702	0.0949	0.085	0.4065
0.0925	0.0927	0.0996	0.2418	0.0974
0.0981	0.0947	0.0961	0.2898	0.097
0.4044	0.0992	0.326	0.1022	0.091
1.958	0.0998	0.087	0.0922	3.4322
0.094	0.0932	0.3663	0.0993	0.4852
0.096	0.0965	0.2801	0.1011	0.0939
0.5257	0.1054	0.0964	0.2691	0.1
0.5234	0.098	0.1003	0.2761	0.1015
0.5242	0.099	0.0968	0.0927	0.4933
0.0878	0.6368	0.0973	0.2752	0.0932
0.0984	0.0969	0.0961	0.2521	0.4696
0.0982	0.5423	0.0945	0.0968	0.0983
0.4948	0.1005	0.0887	0.0915	0.0939
0.4839	0.0977	0.094	0.0916	0.0926
0.0943	0.0961	1.6047	0.1049	0.0889
0.4027	0.4605	0.0926	0.0914	0.1021
0.1004	0.0962	0.252	0.0995	0.0922
0.0963	0.0995	0.507	0.46	0.095
0.0986	0.4833	0.0902	0.0942	0.4115
0.4079	0.1008	0.0875	0.0872	0.0934
0.0916	0.0938	0.2479	0.0952	0.0908
0.0966	0.0936	0.0991	0.2262	0.0968
0.0926	0.5069	0.0992	0.2395	0.0929
0.0976	0.1012	0.5105	0.4828	0.0958
0.4272	0.0973	0.084	0.0919	0.0953
0.0974	0.0964	0.0949	1.0702	0.1012
0.102	0.0962	0.0872	0.0894	0.4124
0.0976	0.4424	0.0879	0.0886	0.0939
0.098	0.4227	0.0929	0.0899	0.0938
0.0958	0.0922	0.0868	0.0947	0.4804
0.097	0.1007	0.1008	0.2371	0.0907
0.0914	0.0989	0.2435	0.0919	0.1007
2.1484	0.0986	0.0972	0.0882	0.0982
0.5554	0.5459	0.0891	0.0888	0.0937
0.5433	0.6058	0.0918	0.0894	0.4377
0.101	0.09	0.0915	0.0859	0.483
0.0959	0.0966	0.0893	0.0918	0.4734
0.5428	0.0953	0.0977	0.2661	0.4938
0.5101	0.0957	0.0876	0.0933	0.0938
0.0949	0.0978	0.0887	0.0888	0.4511
0.0944	1.5244	0.0922	0.0938	0.0947
0.4224	0.0927	0.2323	0.0992	0.0962
0.0946	0.093	0.0866	0.0919	0.3939
0.4479	0.0982	0.0923	0.0939	0.0972
0.095	0.0938	0.2262	0.0904	0.0939
0.0933	0.4625	0.09	0.0833	0.0903
0.086	0.4605	0.0938	0.2363	0.093
0.0926	0.4426	0.0903	0.0867	0.097
0.0972	0.0955	0.2164	0.0906	0.0982
0.0962	0.4792	0.0978	0.2454	0.0981
0.518	0.0935	0.0981	0.2577	0.0981
0.1	0.5666	0.6123	0.5781	0.0905
0.429	0.0974	0.7616	0.0969	0.0987
0.1026	0.0979	0.7676	0.0943	0.0974
0.0961	0.0957	0.7559	0.1003	0.0911
0.0931	0.6183	0.0832	0.0854	0.0956
0.0997	0.0971	0.0995	0.2447	0.4554
0.0967	0.1037	0.094	0.24	0.4894
0.4922	0.0987	0.3034	0.0971	0.0988
0.4966	0.096	0.0972	0.0861	0.0986
0.1002	0.0936	0.0885	0.085	0.4926
0.0998	0.4968	0.0911	0.234	0.1013
0.0962	0.0908	0.0983	0.224	0.0978
0.0947	0.0969	0.0957	0.2242	0.0938
0.4434	0.0978	0.0898	0.0919	0.4228
0.0993	0.0942	0.2309	0.0951	0.0962
0.0973	0.4475	0.0861	0.0869	0.091
0.0904	0.0988	0.2343	0.0935	0.4073
0.091	0.0967	0.0895	0.0919	0.3994
0.0981	0.4729	0.5462	0.5303	0.093
0.0953	0.0979	0.2739	0.0927	0.099
0.0901	0.0938	0.251	0.0899	0.0956
0.0959	0.0974	0.0952	0.0898	0.4226
0.5064	0.0941	0.2955	0.0982	0.0921
0.0932	0.1002	0.2618	0.0986	0.0952
0.4569	0.0983	0.5866	0.5696	0.0961
0.096	0.0933	0.0999	0.2726	0.0912
0.0944	0.096	0.0947	0.0967	0.5017
0.0919	0.0958	0.2742	0.0924	0.0996
0.0989	0.0959	0.0967	0.2392	0.0949
2.8348	2.5052	0.0913	0.0942	0.1012
0.099	0.0912	0.0979	0.2525	0.5048
0.087	0.0988	0.0972	0.2637	0.4494
0.0965	0.0992	0.2864	0.1021	0.0977
0.5101	0.5677	0.0967	0.0916	0.5246
0.0955	0.0898	0.0986	0.2685	0.092
0.4416	0.5052	0.2873	0.1	0.4409
0.3854	0.0902	0.0962	0.0886	0.1016
0.0997	0.5093	0.3031	0.0946	0.099
0.5273	0.1049	0.2558	0.0943	0.0976
0.0946	0.4764	0.2636	0.0984	0.0983
0.4383	0.106	0.1022	0.2426	0.0952
0.1012	0.454	0.0859	0.0882	0.0991
0.0954	0.0935	0.4968	0.4659	0.0976
0.0953	0.0952	0.0997	0.2227	0.0947
0.0945	0.0954	0.092	0.094	0.4372
0.4238	0.0933	0.0923	0.0901	0.0977
0.1003	0.5165	0.0874	0.0859	0.0927
0.101	0.1018	0.095	0.0893	0.39
0.101	0.4539	0.0907	0.088	0.0909
0.0951	0.0934	0.2415	0.1034	0.0975
0.0936	0.09	0.1005	0.2506	0.1018
0.0925	0.0988	0.2309	0.0976	0.0949
0.0942	0.0933	0.0916	0.0878	0.4205
0.0901	0.0985	0.0951	0.2374	0.0907
0.4334	0.0966	0.0932	0.0929	0.398
0.1011	0.0948	0.0941	0.2303	0.0936
0.0936	0.0931	0.0927	0.2285	0.5043
0.1048	0.0952	0.0864	0.0914	0.499
0.0949	0.535	0.0956	0.0892	0.0945
0.0986	0.0992	0.0937	0.2619	0.484
0.0949	0.0934	0.0932	0.2853	0.5033
0.0989	0.0934	0.2653	0.0949	0.0929
0.0973	0.1001	0.0977	0.2399	0.0916
0.4126	0.1009	0.091	0.0959	0.0923
0.4242	0.1031	0.2576	0.0897	0.0935
0.6687	0.0951	0.0947	0.2847	0.0976
0.0963	0.0996	0.6342	0.6169	0.096
0.4678	0.0987	0.3001	0.0989	0.09
0.1007	0.4575	0.2929	0.1013	0.0909
0.5211	0.0965	0.0871	0.0844	0.102
0.4864	0.0975	0.0853	0.0858	0.0977
0.0898	0.0908	0.0967	0.2425	0.0947
0.4365	0.0927	0.0955	0.0877	0.419
0.0997	0.5495	0.0936	0.0934	0.0979
0.0986	0.4564	0.0935	0.0833	0.4076
0.4804	0.1024	0.0975	0.2337	0.0955
0.0944	0.0961	1.5493	0.0942	0.0999
0.1002	0.0983	0.5094	0.5017	0.4002
0.0889	0.4595	0.0872	0.0902	0.094
0.0975	0.4347	0.0918	0.087	0.0948
0.0977	0.0932	0.2479	0.0996	0.0927
0.4233	0.0961	0.0905	0.0891	0.0992
0.0995	0.4953	0.2388	0.1004	0.4118
0.0935	0.0999	0.0926	0.2199	0.0984
0.0974	0.0957	0.246	0.097	0.4841
0.0935	0.1008	0.0924	0.0919	0.4844
0.1005	0.6956	0.0952	0.288	0.5067
0.1015	0.0963	0.0907	0.0943	0.4772
0.094	0.0953	0.0953	0.2322	0.3865
0.4102	0.4562	0.0927	0.0887	0.0962
0.0936	0.0913	0.0891	0.0903	0.4144
0.0986	0.0992	0.0938	0.096	0.3991
0.1037	0.5119	0.2537	0.094	0.3924
0.0924	0.0982	0.0974	0.2265	0.093
0.092	0.0917	0.0929	0.2154	0.1005
0.0916	0.433	0.0954	0.0943	0.0982
0.4164	0.0972	0.0953	0.0854	0.0945
0.0995	0.0888	0.2222	0.0934	0.0956
0.4148	0.0919	0.0884	0.0849	0.0993
0.459	0.1032	0.2366	0.0935	0.0919
0.0955	0.4464	0.0884	0.0893	0.0961
0.0919	0.5166	0.0993	0.2364	0.091
0.096	0.4625	0.0936	0.0949	0.0936
0.0972	0.1009	0.0892	0.0837	0.4193
0.0925	0.0995	0.0881	0.0843	0.3858
0.0953	0.0965	0.2186	0.0984	0.0973
0.0968	0.0989	0.253	0.0967	0.0958
0.5704	0.0961	0.1004	0.2793	0.0971
0.0985	0.0944	0.0926	0.2607	0.1001
0.0929	0.0926	0.2801	0.0984	0.4889
0.0998	0.0941	0.0941	0.0886	0.4004
0.0951	0.0954	0.2527	0.0968	0.094
0.0959	0.0986	0.2779	0.1019	0.0952
0.1002	0.0954	0.2387	0.1003	0.0897
0.0977	0.0944	0.2483	0.0974	0.0934
0.0945	0.0934	0.0979	0.2378	0.1011
0.0942	0.0993	0.0944	0.0954	0.5121
0.0948	0.5667	0.0897	0.0919	0.4195
0.0975	0.51	0.0979	0.2501	0.0966
0.0979	0.0966	0.0994	1.9212	2.6135
0.1016	0.0951	0.0894	0.0864	0.5222
0.0963	0.0976	0.0944	0.0902	0.403
0.097	0.1005	0.5565	0.5007	0.0974
0.0977	0.0982	0.0992	0.2374	0.0957
0.0963	0.4637	0.0865	0.0892	0.1016
0.0998	0.5296	0.1022	0.254	0.4204
0.1003	0.0856	0.1055	0.2353	0.0932
0.0964	0.0988	0.0927	0.0949	4.7029
0.4315	0.4645	0.0948	0.2311	0.0948
0.0892	0.481	0.2527	0.0987	0.0928
0.418	0.0941	0.0951	0.0944	0.0977
0.0938	0.4776	0.2449	0.0934	0.098
0.0925	0.0928	0.5124	0.4928	0.3981
0.454	0.1015	0.0891	0.0861	0.0933
0.0942	0.4449	0.0879	0.0909	0.0916
0.4338	0.4437	0.0937	0.0898	0.0972
0.0945	0.0971	0.2321	0.0943	0.1011
0.0915	0.1045	0.2559	0.0962	0.0912
0.4091	0.096	0.0869	0.0882	0.0928
0.0963	0.4279	0.0973	0.0863	0.0961
0.4484	0.0967	0.0886	0.0892	0.0919
0.0933	0.5725	0.0989	0.0917	0.0944
0.0959	0.4482	0.2541	0.0961	0.0959
0.0923	0.0988	0.2283	0.093	0.4013
0.4503	0.0951	0.0924	0.1001	0.0948
0.4181	0.0946	0.2368	0.0992	0.0889
0.4341	0.435	0.09	0.0944	0.1008
0.0894	0.4608	0.0957	0.0882	0.4164
0.5781	0.0979	0.096	0.304	0.0931
0.0958	0.0947	0.0848	0.0917	0.5407
0.0956	0.1034	0.2353	0.0944	0.0978
0.0955	0.4457	0.0898	0.0901	0.0868
0.0963	0.463	0.0939	0.2358	0.1018
0.4544	0.097	0.0925	0.0881	0.0958
0.0951	0.0997	0.5147	0.4882	0.0995
0.4276	0.0999	0.0886	0.0877	0.0923
0.4379	0.1005	0.0929	0.091	0.095
0.5368	0.5982	0.0904	0.0923	0.0922
0.0853	0.0983	0.1	0.2595	0.5068
