"canopy_height_m"	"ldmc_geo_mgg"	"leaf_mass_mg"	"leaf_size_mm2"	"seed_mass_mg"
3.2848	1.7416	0.6846	0.9005	1.9243
0.0248	0.0033	-0.3466	-0.4251	0.204
0.339	0.5679	1.4773	1.443	-0.3569
0.8456	0.1149	0.5563	0.6556	0.2694
-0.4426	2.8121	1.2616	1.1994	1.2741
1.2376	0.2623	0.1515	0.0615	1.293
-3.5335	1.0915	-1.5444	-1.4477	-1.3635
-1.1768	-2.9245	-1.9131	-2.2171	-1.065
-1.3489	-0.4167	-0.5394	-1.3811	0.0956
-0.8149	0.6246	0.2742	-0.2718	0.1916
1.2991	0.2385	1.3581	1.205	0.0606
0.604	-1.1707	0.2189	0.3398	-0.4459
-0.9927	1.8608	1.2922	1.3733	-0.4491
-0.9445	1.6428	0.8588	1.1051	0.4193
0.5796	-1.3341	0.0397	0.1901	0.1291
1.4747	0.6619	1.0202	0.4621	0.2055
2.5398	-1.2526	0.8075	1.0537	0.8144
-0.407	-0.2154	0.4441	-0.4525	0.9714
-0.2392	0.4633	-0.3261	-0.2847	0.3723
0.1376	1.3309	0.0669	0.678	-0.1913
1.5787	0.2754	0.7391	0.7955	0.8341
0.5665	-0.1562	0.7993	0.8051	-0.3697
0.0041	0.6669	0.9243	0.7453	-0.3554
0.4351	-0.6983	-1.4821	-0.1718	-0.2365
0.1872	0.2657	-0.5325	0.633	0.3761
-0.3911	0.4435	0.3595	-1.0195	0.6928
-0.2884	-0.7278	0.2135	-0.4912	-0.1266
-0.2896	-1.4362	-1.0006	-1.0083	-0.1486
-0.235	1.4954	0.7429	0.6928	0.8379
-0.07	0.1163	1.2096	0.7316	-0.7811
-0.6164	-0.2254	-0.5341	0.0389	0.5757
-1.5303	-0.3008	-0.2709	-0.5595	-1.0248
-1.41	0.9256	-0.3259	-1.7198	0.1847
-1.7331	-1.5238	-0.0587	-0.6444	-1.8411
-0.182	-1.0363	-0.4977	-0.5013	-1.0999
0.0753	-0.6679	-0.484	0.1337	-1.0948
3.2261	0.1391	1.8324	1.7902	1.2447
0.5561	3.16	2.3697	2.5837	1.2073
1.1985	-0.8938	-2.7218	-2.2853	1.2382
0.8735	1.0077	-0.8192	1.1908	1.681
1.8792	-1.0124	-0.132	0.1207	0.5438
0.6992	-0.5138	0.4593	0.5124	-1.0579
0.8285	0.4618	-0.1568	-0.1962	0.6325
1.1957	0.8667	0.9285	0.7862	0.4512
-0.432	-1.1839	-3.2637	1.3026	2.0526
0.7731	1.0862	-1.3001	-1.8405	1.5157
0.3671	1.0109	0.1062	0.5717	0.789
0.8284	-0.6517	-0.8122	0.5805	0.3772
-0.7252	0.6532	-0.4811	-1.102	0.9961
2.7686	0.6993	1.0329	0.9517	1.5007
-0.347	-0.4766	-0.4329	-0.2889	-0.1135
0.8757	0.2253	0.0125	0.4095	0.9695
-1.0577	-0.2342	-0.3941	-0.4049	-0.3951
0.4395	0.4641	0.1284	-0.1323	0.326
-0.0848	1.5965	0.647	1.3043	-0.2311
-0.388	-1.2796	-0.6523	-0.5177	-0.922
0.1896	0.5358	0.6952	0.5442	-0.1546
1.1934	-0.2703	1.4783	0.0248	1.457
0.2826	-0.1452	-1.6021	0.8027	1.0381
0.2802	-0.5047	0.3187	0.496	-0.183
-0.5188	0.4788	-0.4143	1.0418	-2.2421
-0.2018	2.0456	0.6699	0.7749	1.3306
0.686	-0.755	-0.2443	0.6556	0.4987
-1.0593	1.6468	0.9426	1.0772	0.1183
0.3985	-0.6945	0.6	0.0414	0.3725
-0.7976	1.2388	0.9018	-0.1931	-0.4328
-0.1446	1.1782	-0.0107	0.0808	0.6166
0.2372	0.4721	-0.1462	-0.2945	0.8051
-0.745	-0.6893	-1.3814	-0.9931	0.453
-0.0332	0.5751	-0.51	-0.7284	0.9679
-1.4403	0.5577	0.3435	0.5801	-1.3535
0.6447	-1.1206	-0.08	0.9772	-0.8291
-0.582	-1.9161	-2.8422	-0.0299	1.4847
0.8817	0.8826	0.9321	0.9106	0.5081
-0.8804	-1.7891	-1.5886	0.0099	0.6215
-3.5441	-1.3956	-1.7136	-5.2314	1.9006
1.1136	-0.0157	0.408	-0.5759	1.6312
1.5163	0.4995	0.6156	0.6411	0.7928
0.2293	-0.3451	1.6366	-0.2188	-1.6146
0.403	-0.1654	0.4441	0.7013	-0.1057
1.0502	0.6734	0.7866	0.4644	0.9011
-1.0462	-0.1412	0.1989	0.3559	-1.0893
0.6346	-1.0158	0.4221	0.5331	-0.1964
0.0334	-0.5564	-0.0511	-0.0103	0.486
-0.5441	-0.3103	0.876	-0.1845	-0.9932
0.0477	-0.7843	1.4377	-0.2174	0.8689
-1.1047	-0.7874	-0.6656	-0.546	-1.0624
-0.0828	1.3472	-0.9006	0.2079	-0.6058
-0.1967	-2.8698	-1.4192	-1.3632	-1.0631
-0.0214	-0.9606	0.952	0.883	-1.06
0.0487	0.0217	0.5828	0.5329	-0.3957
0.6163	1.5298	1.1662	1.091	-0.0523
-1.598	1.34	-0.453	-0.4796	0.1341
0.1735	1.0276	-0.5053	0.5422	-0.4342
-1.0125	1.2829	-0.5679	-0.6724	0.1874
0.3741	-1.4872	0.0184	0.2146	-0.7901
-0.4087	1.7729	-0.5189	-0.7662	0.6764
0.7905	0.5904	0.9336	0.6059	-0.1245
-0.9796	1.4393	-0.7024	-1.1336	0.5727
-0.3568	1.5323	-0.0889	-0.2078	0.0144
0.1392	0.7625	0.2984	0.333	0.504
-0.1631	0.9243	-0.5341	-0.0982	0.1176
1.2991	1.275	1.6233	1.415	-0.1367
-1.2654	-0.3005	-0.7139	-1.0567	0.1018
-0.3547	1.3321	0.6962	0.7339	-0.1348
-0.9558	0.0154	-0.2149	-0.1132	0.0085
0.1341	0.8226	-0.5853	-0.583	0.7531
0.9338	1.4677	0.6506	1.4596	0.3468
0.2365	0.0534	0.3006	0.146	0.0896
1.0371	-0.5434	-0.4805	-0.5587	0.4289
0.4383	-2.2305	0.3295	0.4902	-1.5041
-0.6753	1.4528	-0.1606	-0.1849	0.2556
0.3236	-0.221	-0.2607	0.1503	0.1676
-0.1976	1.8416	1.0977	0.8328	0.6802
-0.7664	0.8723	0.7096	0.483	-0.5516
0.2236	-0.6256	0.6074	-0.6074	1.5667
0.5156	-0.2889	0.2855	-0.0556	0.4112
-0.8805	1.5125	0.6121	0.696	0.4488
-0.7052	-0.0138	-0.0719	0.012	0.2551
-0.9386	0.8774	-0.6484	-0.7052	0.2997
-1.7022	-1.4449	-2.6172	-1.0933	-2.0672
0.1048	-0.7495	0.5796	-0.1942	0.3456
-0.1107	-0.2897	0.1392	1.2806	-2.5185
-0.9216	-0.4645	-0.9182	-0.8845	0.1328
-2.1939	-1.1232	-0.2347	-2.0229	-1.2877
-1.7405	-0.0134	-1.6827	-1.7947	0.3559
0.7343	0.2033	-0.4771	1.1462	0.3733
0.2261	0.7737	1.5117	1.6467	-0.6717
0.1123	0.0186	0.8895	0.401	-0.1273
-0.0051	-0.3141	0.6482	0.394	-0.1986
0.2343	0.4098	-0.3173	-0.5747	0.7811
2.0041	-0.8058	1.342	1.5709	0.2804
0.4384	0.1182	0.2991	0.5239	0.2938
0.741	-0.7007	0.7697	0.514	-0.189
0.8106	-0.7126	1.4934	0.2371	0.4336
3.6654	0.663	1.0139	0.9825	0.4809
0.127	0.8613	0.5549	0.0728	-0.3934
1.5568	0.372	1.931	2.1596	-0.3203
-0.3734	0.8004	-0.002	0.0983	1.2189
0.1525	-0.7509	-0.2418	0.0884	-0.1
0.6795	0.4217	0.5287	-0.5845	2.9699
2.5417	1.6657	0.0178	-0.1084	2.6901
0.3424	-0.8729	0.7828	0.9967	-0.533
-0.3186	-1.0099	0.119	0.276	-0.6861
0.0553	-0.2645	0.193	0.1115	-0.4501
-0.5239	-1.8251	-1.4441	-0.6597	0.3738
-0.3007	-0.5317	-1.3387	-1.2604	0.728
-0.4133	-2.0367	-0.1895	-2.3096	1.3143
-1.1757	-1.5545	-1.1068	-1.1146	-0.9325
0.3096	0.7463	-0.6158	-0.5457	0.9337
0.3375	1.8378	0.1529	0.1592	0.944
0.1551	0.9035	0.2291	0.2386	0.1086
0.1988	-0.3728	-0.5283	-0.4875	0.197
0.5965	1.0536	-1.1252	0.276	2.2237
0.3304	1.0414	-0.302	-0.5159	1.8243
1.1801	-0.882	-1.0695	1.4869	1.0629
0.1014	-0.5164	-0.1645	-0.4964	-0.7359
-0.2392	-0.5396	0.6962	0.2418	-1.0919
0.1388	-0.3049	-0.9174	-1.1166	0.5054
-0.6654	-0.3906	-0.818	1.1112	-1.8151
-0.7714	-0.6037	-0.1207	-0.1425	-0.741
-0.1028	-1.3003	-0.5074	0.4864	-0.5874
0.7949	1.0263	1.6807	1.2904	0.4945
-2.2358	-0.1256	-1.0164	-2.0034	-0.0623
0.741	-0.656	-1.5054	-1.5623	0.989
0.4653	0.0613	0.3406	0.4633	0.0406
0.1006	-0.6927	0.9724	0.0316	0.5271
-0.2375	1.0968	-0.3119	0.2054	-0.2345
-1.2695	0.4789	-0.6504	-0.6407	-0.0047
-0.816	1.0034	0.3935	0.4808	-0.1045
0.9168	0.2992	0.586	0.5991	-0.9765
-0.0978	-0.6733	0.4178	0.4616	-0.977
-0.9712	-0.382	-0.2474	-0.1108	-1.2002
-1.0645	-1.8614	-1.3348	-1.1267	-1.1261
0.4002	0.302	0.2033	0.327	0.3317
0.0817	-1.1934	1.0375	1.1983	-1.3074
-0.3086	-0.0903	-0.2996	-0.2123	0.1655
-0.2011	1.6762	1.441	0.5324	1.5368
-0.2897	0.2291	0.1678	1.0375	-0.5301
-0.0596	-0.0332	-0.5842	-0.5952	0.6893
-0.2404	0.6644	0.1311	-0.4358	0.3699
0.0768	-0.6938	-1.2659	-1.1466	0.6074
-2.8249	0.3599	-1.8654	-1.8929	-0.5581
-0.6252	0.1577	-0.5689	-0.3967	0.22
0.8546	0.6961	0.4583	-0.2169	1.0792
-0.792	-0.1165	0.1575	-0.571	-0.3272
0.5327	0.2033	0.0067	-0.2101	0.6766
1.4646	0.3877	0.3841	0.2741	0.8375
-0.9168	1.0832	-1.9502	0.1738	-1.4141
-0.1619	1.2158	1.2653	0.7018	-0.099
1.4248	0.6245	1.6589	2.0288	-0.6055
-1.1805	1.9232	0.5865	-0.4745	1.4406
2.1262	0.8508	0.3151	0.0429	1.0618
0.3993	-0.8621	-0.8969	-0.8248	0.5475
-0.8856	-1.5407	-0.5237	-0.8708	0.905
0.7876	1.5403	1.0288	1.226	1.0198
0.5539	-0.7375	-0.9999	-0.9479	0.4028
0.2352	-0.2347	-1.4454	-1.3354	1.0046
0.0938	-0.0568	-2.0583	-0.7505	-0.0386
-0.6227	0.1928	-0.0678	-0.0369	-0.6338
-0.8894	-0.7294	-1.5149	-1.1773	0.1599
-0.0219	0.555	1.2612	-2.1711	-0.3182
-0.5378	1.8088	-1.6671	-2.0265	1.4697
0.2524	0.7662	-0.8703	-0.3575	0.6152
-0.3486	-0.0533	-1.0739	-0.2735	0.6192
-0.3545	0.5173	0.053	0.0845	0.4638
-0.6526	0.1628	-0.0766	-0.0011	-0.139
-0.7011	0.0231	-0.2204	-0.1522	-0.1015
1.6962	0.2208	-0.7663	0.3917	0.9923
-0.5372	0.0033	-0.6764	-0.3204	0.1903
0.0829	0.8762	0.1676	0.1179	0.1922
-0.3178	0.6838	0.4048	0.3877	0.0091
-0.05	1.2709	0.6674	0.6942	-0.0658
0.2356	1.2378	0.9658	0.9192	-0.0247
-0.3386	-0.3798	-0.3567	-0.2035	-0.1836
0.229	-0.0681	-0.1539	0.0728	0.1023
0.2945	1.801	1.0205	3.6919	-2.0518
-0.3333	0.0542	-1.0011	0.3534	-0.6743
-2.422	0.931	-1.0567	-1.3468	0.0557
-0.1319	-0.0745	-1.5175	1.1977	1.1705
-0.3707	0.6347	-1.5813	1.8042	1.0731
-0.3521	0.3353	-2.2474	-0.9944	0.3025
-1.7862	-1.0497	0.4853	0.7709	-1.1382
0.4394	-1.3214	-0.0343	0.2831	-0.3446
-0.802	0.5966	-0.2447	-0.394	0.6311
0.8394	0.5609	-0.2837	-0.0065	0.685
-0.7663	0.4028	-0.1313	0.032	-0.4933
-0.2226	0.1606	-0.643	-0.5973	1.0676
0.2992	-0.4602	-0.5298	-0.3877	0.6316
0.8844	-0.1463	0.8028	0.4928	-0.0767
-1.7071	-2.5575	-2.0917	-2.2383	-1.2544
-0.467	-3.5998	-1.6115	-1.0118	-0.9606
2.4662	0.7478	1.2112	1.1307	0.6895
-0.5595	-2.1226	-0.3529	-0.1983	-1.1985
-0.4472	0.3405	0.4825	-1.1508	0.1982
-0.7371	-2.8492	-1.7046	-1.6549	-1.4551
-0.4767	1.0252	-0.4157	-0.4077	0.299
-0.5116	-1.7036	-0.7953	-0.919	-1.0095
-0.0858	0.1817	-0.9281	-0.7865	0.8136
0.3327	-1.5265	-0.6106	-0.44	-0.3451
-0.4246	-0.5662	-0.4669	-0.353	-0.3388
0.618	2.9554	1.773	1.6845	1.8505
0.2917	0.5538	0.417	0.2619	0.7078
-0.8985	0.3213	-1.9252	0.0189	-1.6839
0.2772	0.4436	0.7282	1.4453	-1.8457
-2.3078	0.2452	0.0727	-0.3086	-1.8422
-1.3655	0.5441	-1.6813	0.2441	-1.8451
0.5787	1.1251	1.1816	0.5798	-0.1728
0.777	0.9616	1.8021	0.7136	-1.882
0.1316	0.5047	2.2296	0.4742	-1.2264
0.4799	2.0505	3.1151	0.0954	-1.5804
0.575	-1.0379	-0.252	0.4344	-0.4348
-1.137	-2.3044	-0.4343	-1.8771	-1.9739
0.0395	-1.3777	1.1456	-0.6371	-1.8908
0.1012	-0.018	0.6213	0.6134	-0.4199
-0.4087	-0.7336	0.4806	0.5163	-0.9398
0.5182	0.0894	1.1451	0.646	-0.2824
0.7291	-0.1724	1.0185	-0.7067	1.2222
-0.7495	-0.8271	-0.8374	-0.9012	-0.2584
0.6426	0.152	0.0855	0.1937	0.2364
-0.8656	-0.7354	-0.6349	-0.3266	-0.1632
0.6032	-0.9929	0.0913	0.8997	0.0155
1.5286	0.4518	1.2088	0.1015	1.8608
0.6418	0.2164	0.1312	0.0425	1.0681
2.2405	0.2063	-0.2076	0.5312	2.0679
0.3569	1.0175	-0.9094	-0.3387	1.2118
0.561	0.1837	-1.2621	0.8328	1.3441
-0.7522	-0.7503	-1.5782	-0.5754	-0.7658
-0.4625	-0.7404	0.6147	-0.8565	0.064
-0.2756	-1.5302	-0.4516	-1.1527	0.3667
-0.0639	-0.9361	-0.679	-0.1734	-0.4561
0.1884	2.0083	1.0113	0.5453	1.8432
2.6988	-2.0373	0.4262	0.6653	1.1944
2.4883	0.1458	2.1153	2.2862	0.18
0.4084	-0.7153	-0.2504	-0.3575	0.3026
0.0636	0.0547	1.0199	-1.1528	-0.829
-1.5016	-1.917	-1.1662	-1.664	-0.9354
-1.0638	-1.2674	-2.7218	-2.6681	0.473
-0.1626	1.1839	-0.2243	0.1482	0.5203
-0.0567	-0.373	-0.533	-0.4471	0.335
0.1489	0.7946	0.3018	0.3034	1.0075
-1.3643	0.0208	-0.5806	-1.0462	0.1756
-0.3669	0.3062	-0.4872	-0.5195	0.745
-1.0898	0.2673	-0.8676	-0.7027	0.1451
0.1436	-1.2468	-1.9972	1.1482	1.4206
-0.3349	0.0265	0.1566	-1.3545	0.1984
-0.8795	0.539	-0.3323	-0.1862	-0.0778
0.3511	-0.5763	-0.125	0.3061	0.0194
0.1389	-0.5538	-0.0522	-0.6263	-0.3245
-1.0979	0.7438	0.5745	0.1537	-0.3784
0.7702	0.0891	-0.2801	0.5414	0.3197
-0.2227	-0.7385	-2.2585	-2.3162	0.7707
-3.7697	1.047	-1.7756	-1.8322	-1.6187
-0.353	-0.0722	1.0323	0.3364	-1.156
2.5447	0.7714	0.7245	0.6252	1.5347
0.4898	0.4368	0.1098	0.1976	0.6583
0.3621	-0.2091	0.6049	1.139	-0.4708
0.4781	-1.1373	-0.2494	-0.235	0.353
-0.269	0.0505	-0.3741	-0.1925	0.2637
-0.4156	0.1437	-0.4265	-0.336	-0.0342
0.348	0.4979	-0.1088	-0.1638	0.5241
-0.0735	2.631	0.282	-0.8	0.8712
0.9433	0.6643	0.0368	-0.2013	0.6627
-0.2565	-0.5826	0.0938	0.5021	-0.7067
-0.0083	-0.0763	1.0229	0.3374	-0.9699
-0.2257	0.1295	0.2212	0.3298	-0.108
-0.7931	-0.0796	-0.9574	0.0189	-1.2167
-0.3527	-0.8073	0.1608	0.2457	-1.4538
3.0877	0.109	-1.217	1.5336	0.5351
-0.7971	0.2095	-0.1745	-0.1047	0.4093
-0.5401	1.5098	0.3475	0.3906	0.8222
2.6102	1.4818	0.7651	0.5828	1.2896
-0.1216	-0.8403	0.991	-0.8131	-0.8744
-0.7472	-0.0882	-1.4416	-1.3164	0.5207
0.6614	1.8077	0.1665	1.0232	-0.1424
1.0756	-1.7668	-1.1673	0.2714	0.5916
-0.4613	0.6511	0.0114	0.1344	0.1141
-0.4808	-1.0725	-0.1947	-0.1048	-0.5393
-0.5771	-1.4924	-0.8773	-0.5917	-0.7058
-1.2533	-0.6131	-0.788	-0.2824	-0.7513
-0.3227	-0.7269	-0.3823	0.0374	-0.5517
-0.567	-0.6216	-0.3705	-0.2388	-0.2878
0.1763	0.6822	-1.2689	-1.7294	0.9514
-0.4998	-0.7747	0.389	0.3745	-0.6739
-0.4512	-0.532	-0.1482	0.1941	-0.778
-0.0926	-0.6263	-0.8328	-0.8572	0.3411
-0.0035	-0.0824	-0.8307	0.5017	0.3667
3.3824	-0.0619	2.1139	2.035	0.3191
0.401	1.1689	0.8334	0.8936	0.4997
0.0875	0.6752	-0.4998	0.5644	0.7185
0.8815	0.5502	0.3202	0.4939	0.2131
-0.3112	0.7205	-1.2283	0.6412	1.4454
-0.6153	-1.6213	0.9842	1.0115	-3.2866
0.051	0.5962	1.4388	-0.3105	-1.11
-0.3024	-0.2456	0.2975	0.2992	-0.2731
-1.3413	-0.934	-0.7901	-0.1512	-0.5692
-0.884	-0.5627	0.8035	-1.0006	-0.7794
0.1911	0.7147	0.8681	0.8633	0.1159
-0.0619	0.6732	1.6167	0.904	-1.0454
0.5588	-0.1116	0.9963	1.2705	-0.4648
-0.2119	0.0018	-0.2754	0.349	-0.7542
-0.4677	-0.6015	0.0525	0.0343	-0.4376
-0.615	-0.1372	-0.0474	0.9553	-1.3013
3.0169	0.4597	0.4485	1.4495	1.32
0.4039	-0.5251	1.1663	1.4586	-0.9612
0.0811	-1.1128	1.5766	0.6888	-0.5053
-0.4942	0.215	2.6632	0.8545	-0.6817
-0.2897	0.5805	-1.2887	0.0165	-0.4956
0.3632	0.9929	0.5511	0.7495	0.0905
-1.1361	0.9141	0.59	0.6724	-0.4094
-1.6164	1.0387	-0.6916	-0.5184	-0.2447
-0.5253	2.0369	1.1019	1.0634	-0.9388
0.4608	-0.078	0.34	0.4822	0.055
4.1549	1.2508	2.8326	-1.3853	0.9856
-0.8105	-0.757	-0.7342	-0.8424	-0.8525
-0.8093	-0.2714	0.3399	-0.4734	0.2356
0.7368	-1.4349	1.63	0.6402	-0.6155
1.327	-0.6314	0.9869	0.9079	-0.5407
-1.4116	0.6809	-1.2759	-1.0662	0.3864
-1.177	0.3811	-2.0198	-0.5786	-0.4209
-0.0368	1.0969	1.3986	-0.8922	-0.7398
0.8344	-2.4891	-0.7373	-0.334	-0.799
0.6763	-2.2012	-1.4231	-1.5092	-0.8801
-0.2401	1.3393	-0.0562	0.023	0.3434
-1.8471	0.4557	-1.4525	-1.041	0.2788
0.1361	1.6478	0.1133	0.3969	2.1782
-0.2404	-0.2655	0.383	0.4784	-0.3664
0.0721	-0.5888	-1.9984	0.0442	2.0119
-0.8558	0.2972	-0.5857	-0.5182	0.2943
0.1999	1.3082	0.8793	0.6157	-0.0936
3.6275	-1.5485	0.7183	0.536	-1.0818
-0.7961	-1.3874	-1.7672	-1.908	0.3712
-0.6431	1.2849	-0.9926	-0.9958	0.5226
-0.5165	0.6909	0.1362	1.9848	-1.9216
-0.9875	0.3866	0.8848	0.8258	-0.6496
-1.1257	1.1559	0.8598	1.0305	0.0696
-1.0643	0.3767	-0.4918	-0.3401	-0.0149
1.4273	1.1603	-0.0873	-0.1176	2.1552
-0.4851	-0.6836	-0.0174	0.1329	-1.1493
-2.1518	-3.3073	-2.9549	-3.0408	-2.1166
-0.3736	0.1596	-0.4801	-0.2145	0.0989
-0.2214	0.7013	-0.336	-0.2504	1.2271
-0.7425	0.0408	0.1363	-0.4566	0.5152
-0.5579	-0.165	-0.1195	-0.3027	-0.3814
1.2227	-0.4875	0.8855	0.984	0.1426
-0.4572	0.1489	0.7292	0.0498	0.2727
-0.4351	-0.064	0.7823	-0.1227	0.3986
-0.7822	-1.0364	-0.7984	-0.124	0.1667
0.6577	-1.0709	-0.0327	0.3067	-0.9605
-0.1693	-0.3104	0.9841	-0.8489	1.5691
0.2524	-0.8617	-0.2057	0.1783	-0.6002
0.1322	-0.965	-0.4974	0.0059	-0.2682
0.0277	-0.4583	0.1692	0.0982	-0.1774
0.534	-0.427	0.176	0.0978	-0.5724
-0.4029	1.5555	-0.4794	-0.6265	0.8041
0.4486	-1.3565	1.0379	1.6681	-1.35
-0.3021	-1.4409	-0.0232	1.6996	-2.2422
-0.6673	1.8561	-0.7352	-0.5342	1.4085
-0.0087	0.5325	-0.2666	-0.5652	0.0906
0.1948	1.5348	1.3117	1.2792	0.6444
0.2448	0.3239	0.5722	0.4404	-0.0143
-0.8827	-0.915	-0.7531	-0.7989	-0.4752
0.5775	-0.088	0.2563	0.8141	-0.0403
0.4634	-1.4821	0.8953	0.6784	-0.8355
0.4414	0.4047	0.8517	0.9679	-0.6772
2.4395	-0.6331	1.8336	2.0482	0.0894
0.6567	0.786	0.9809	0.8795	0.0416
-2.1242	0.6615	2.2501	-2.8317	-2.087
-1.023	-2.7294	-2.3427	-2.1503	-0.9533
2.2222	-1.4554	1.0653	1.0608	0.223
3.3906	1.2549	0.2394	2.0115	-1.0004
1.8164	2.2629	3.2642	-0.1711	-1.2762
0.2498	-1.9712	-0.7361	-1.4395	0.0118
0.1874	-1.5423	-1.5521	1.3585	0.7446
0.1681	0.6677	0.1233	-1.5147	1.8462
0.7389	3.2676	1.6129	1.622	1.9921
-0.6413	-0.2255	-0.7801	-0.8323	0.2651
-0.3242	0.1662	0.2942	0.4885	-0.3132
0.1624	0.197	-0.4059	0.45	0.2162
0.1406	-3.7546	-1.5496	-1.7012	-2.0365
1.076	-0.2042	0.9031	0.3282	0.333
-0.4766	-0.9579	-0.1502	2.8679	-3.3602
-0.2352	1.8905	0.595	0.6748	-0.1966
-0.8879	-1.4728	1.5617	0.5078	-1.566
-1.3614	-0.8169	-0.4425	-2.4278	0.1583
-1.1767	3.1442	2.6297	1.5308	0.1548
-0.2413	-0.3064	0.6203	-0.5206	-0.681
0.3762	-0.0456	0.4247	0.645	-1.1019
-0.4324	-1.192	-1.57	-0.1981	-0.1657
-1.3266	-2.5717	-1.7204	-1.9658	-1.8599
-1.2977	-2.2348	-1.7653	-1.8336	-1.5747
-1.7534	-5.2029	-2.0688	-2.0239	-1.7342
-0.8362	-1.4015	-0.6575	0.0228	-2.196
-1.2692	-0.0118	-0.6479	-0.6516	-0.6016
-0.0313	-1.2682	0.7597	0.9345	-1.0074
-0.6133	-0.7672	-0.4317	-0.3271	-0.6171
1.2334	0.0765	0.7223	0.86	0.4869
0.6567	0.2845	-0.1089	0.9681	0.5312
0.1585	0.3952	0.2972	0.151	0.2815
-0.7552	1.0331	0.0079	0.0238	0.0557
-0.9993	0.0394	-0.28	-2.3033	0.2802
0.3472	-1.3153	0.2753	-0.1918	-0.1198
-0.3611	-1.0621	-0.6246	-0.4123	-0.5211
0.1884	-0.6793	0.3239	0.1152	-0.0002
-0.28	0.5278	-0.35	0.231	-0.4931
-0.3435	-0.2867	0.2122	0.055	-0.0264
-0.1493	-0.7048	0.3667	-0.2751	0.6572
2.6199	-1.3694	1.0605	1.24	0.4252
0.0695	-0.7652	0.8849	1.0296	-1.0092
-1.0638	-0.4668	0.7529	1.047	-1.0914
0.7469	2.6474	0.3434	1.0345	1.6297
0.2348	0.5273	0.4318	0.4768	0.1661
0.7621	1.4038	1.3282	1.379	-0.0952
0.1862	-1.0499	0.8468	0.9502	-0.7237
0.7593	-1.1705	-0.3601	1.3041	-0.5187
0.2401	2.6378	1.573	1.473	1.3907
-0.6302	-0.6398	-1.6326	-0.8479	-0.2095
-0.7488	-1.3966	-1.3048	-2.0279	0.01
-1.2072	-2.1869	-0.8032	-2.2491	-1.6268
-0.8868	-1.1113	-0.8894	-0.7905	-0.1447
-0.1535	0.3408	-0.2518	-0.234	0.2686
-0.7861	-2.0684	-1.611	-0.3542	-0.4433
-1.4761	-2.0597	-0.9561	-0.4737	-0.5083
-0.8397	-2.0617	-0.8565	-1.8014	-0.108
0.7947	-2.1319	1.0648	1.2186	-1.188
-0.3767	-1.2412	-0.3692	-0.6078	0.8771
0.6993	1.5023	0.9256	0.5248	0.8197
0.5116	0.5207	0.1966	0.3267	0.4436
-0.272	-0.3376	0.5878	0.8353	-1.0357
0.7017	0.4621	1.1874	0.9987	-0.5706
-1.667	1.3135	-0.8734	-1.0353	0.1081
-0.622	-1.4973	-1.4672	-1.6045	-0.1145
-0.4189	-1.0939	-1.464	-0.8093	-0.266
-0.3995	1.8647	1.3043	0.0039	-0.0554
-0.7267	0.2734	1.7981	2.0527	-1.4618
0.4138	1.6524	1.6972	1.8961	0.1776
0.8933	-0.0426	0.7234	0.988	-0.2307
0.579	0.4767	-0.2249	1.2107	0.5221
0.3282	0.1608	-0.0389	0.0676	-0.005
0.1262	-1.3299	0.6203	0.7602	-1.2437
-2.1099	1.5204	-1.1328	-1.409	0.201
0.0747	0.1775	-0.6318	-1.0254	1.0165
0.3494	-1.6257	0.056	-3.5395	2.6525
-0.092	0.0441	-1.4698	0.2566	1.1216
-0.9121	-0.9131	-0.6596	-0.7251	-0.5198
-1.5441	0.7886	-0.9665	-0.9003	-0.5182
-2.4917	0.1842	-1.1504	-1.0565	-0.346
-0.6842	-0.0216	-0.9002	-0.8492	0.3606
-0.0952	0.6774	0.3502	0.3184	0.0224
0.1208	0.0294	0.2515	-0.2947	0.5056
0.0244	0.9155	0.2444	0.2404	0.3167
-0.336	-2.778	-2.0179	-1.9901	-0.5331
-0.2926	0.4898	-0.1231	-0.131	0.0156
-0.6786	-0.0028	-0.5965	-0.2128	-0.244
-0.9533	-0.2431	-0.8548	-0.6568	-0.1719
0.4557	1.0275	0.158	0.0119	0.3529
-1.0574	0.4921	0.0504	-0.3137	0.306
0.9819	0.616	0.5993	-1.0225	1.7077
0.5098	0.1142	0.9809	0.9529	-0.0482
-0.6829	-0.7492	1.3607	2.1263	-1.502
1.2548	0.9441	1.8437	1.5655	-1.065
1.3297	0.1797	1.8206	1.6118	-1.3463
0.8045	1.2875	0.9386	-2.2063	0.873
4.136	0.8221	0.5361	1.0635	1.191
1.8993	0.4304	0.4925	0.8033	1.0019
4.0455	0.7451	0.2527	0.8028	1.0651
-0.7517	-3.531	-0.5472	0.3367	-2.3535
0.756	0.3574	0.6094	0.7785	0.1527
-0.3574	0.369	-0.147	0.1901	-0.319
-0.2045	1.5173	-1.1895	-0.9581	0.7701
0.2881	-0.7255	1.1587	0.3953	-0.0206
-0.9211	-1.452	-1.028	-0.8615	-0.2858
-0.6548	-1.5289	-0.5091	-0.9717	-0.1342
0.9807	0.074	1.5246	1.5157	-0.3719
0.5435	-0.3228	1.8308	1.8501	-1.2542
0.5861	2.6777	2.0207	1.9336	-0.8413
0.6632	0.563	1.8497	1.7198	-1.0745
-1.3982	0.6428	-0.2425	-0.4536	-0.4416
-0.3247	1.2237	0.2318	1.5654	-1.4955
-1.1388	-1.9062	-1.5846	-0.9677	-1.0017
-0.1506	-0.4664	-0.1007	-0.086	-0.3998
-0.8999	-1.0642	0.3769	-0.5079	-1.6256
-0.4143	0.9909	1.1228	2.3738	-2.6297
-0.6644	-0.1515	-0.7147	-0.6801	0.6818
-1.3342	1.0027	-0.3597	-0.3924	-0.4311
-2.1062	1.0818	0.1053	-1.5169	-0.991
-1.1936	-0.9101	-1.665	-1.6156	0.1618
-0.6153	-0.4209	-0.544	-0.3543	-0.2635
-0.1673	-0.6509	-1.2561	-1.1616	0.4156
-0.7842	-1.5404	-1.348	-1.3535	-0.3444
-0.9396	-0.1478	-0.8476	-0.8467	-0.2485
1.8999	0.6273	0.822	0.7727	1.7159
0.7627	-0.4094	-0.1554	0.006	0.1789
0.0597	-0.0659	0.9527	-1.1268	1.817
0.6173	3.633	1.0697	1.2308	3.4684
-0.316	0.6757	-1.2984	-0.5859	0.6297
0.3245	1.428	0.2368	0.1785	1.6531
0.169	0.0068	-0.2699	-1.1657	1.2272
-1.7981	0.1323	-0.325	-0.2689	-0.3996
0.6155	-0.3973	-1.339	0.2707	0.9677
-0.6461	-0.0551	-0.3007	-0.2902	-0.3537
-1.5433	0.7316	-0.613	-0.7215	0.0533
-1.5196	-0.359	0.712	-0.8234	0.5474
-0.4599	0.4482	0.3707	-0.0613	0.4034
-1.0891	0.5112	-0.249	-0.732	0.3548
-0.9815	-0.0844	-0.2123	-0.2799	0.1015
-1.0195	-0.2518	-0.517	-0.4092	-0.0934
2.1249	-0.3842	-0.3668	1.4816	1.3988
1.5224	0.1295	2.3768	1.9046	-0.4835
