"Trait1"	"Trait2"	"Trait3"	"Trait4"	"Trait5"	"Trait6"	"Trait7"	"Trait8"	"Trait9"	"Trait10"	"Trait11"	"Trait12"	"Trait13"
-2.0101	0.7715	0.8485	1.91	-18.5015	-19.472	-14.9211	5.206	8.2108	-13.9577	21.677	3.4813	6.6034
-0.2253	-0.3106	-0.444	-0.9651	-0.5498	2.5234	-1.384	-0.0711	-1.4903	-0.8448	-0.8941	-2.3114	-1.3602
0.1157	1.4671	1.4244	0.2563	-2.012	5.9014	-0.3269	-0.9106	-2.4217	-2.6515	-3.8776	0.9492	2.0551
0.1051	0.5536	0.6462	0.2552	-2.3156	5.5682	0.0315	-0.6736	-2.3002	-2.7386	-3.2164	0.5447	2.8041
1.6044	0.6366	0.4031	1.268	-0.6735	4.7391	-0.803	-2.8587	-0.153	-2.1347	-4.027	4.1716	-3.4472
-0.643	0.1593	0.0606	1.263	-4.9825	-1.5585	-4.3062	-1.8908	-0.8947	-1.5355	5.4144	0.9488	-0.2579
1.0065	-1.5232	-1.4111	-1.3543	1.3868	-0.2473	0.6298	2.5696	0.7497	1.9289	-0.8863	-2.2828	-1.9259
1.0944	-1.8549	-2.1908	-0.7404	2.8378	-0.56	0.6906	1.5758	-0.0184	0.3204	-1.1118	-0.8112	-2.5254
-0.4244	-1.3175	-1.3607	0.0729	-1.9835	-3.0839	-0.1922	-3.2493	2.2592	-0.7841	0.8106	0.2359	-1.2996
-0.5066	-1.1649	-1.1413	0.1767	-2.3468	-3.0058	-0.3326	-3.3309	2.3586	-0.7277	0.6644	0.2171	-1.4357
0.2419	1.3637	1.1493	1.1715	-3.1498	-5.8114	-1.7221	-10.6296	3.8005	4.04	3.5648	6.2572	-5.5074
-1.183	0.2131	0.3616	-0.5789	9.2317	4.2672	6.4117	0.2059	-0.1403	5.6098	-10.879	-5.0867	-4.6238
-1.1113	0.9688	1.3197	-0.4479	8.7493	4.6201	6.3583	0.5869	0.149	6.3534	-11.303	-4.9421	-4.5696
-0.878	0.8554	0.9012	0.4013	2.6507	2.2697	1.4074	0.2343	-1.3304	-1.1845	-3.01	-0.4424	0.082
-1.3521	0.063	0.1453	0.6245	-2.3776	0.9153	4.0184	-7.6298	1.4023	2.6838	-6.5438	-0.5781	0.9481
-0.7908	1.0792	0.9491	0.212	-2.0686	1.5224	3.8422	-7.5957	1.0536	3.4176	-7.5428	-0.1341	0.4861
-1.2781	0.9588	1.0306	0.8095	-2.5342	1.3776	3.7256	-7.7631	1.2759	2.8472	-7.2152	-0.0622	0.6378
-0.2527	0.4746	0.4609	0.9553	-2.2576	1.8654	4.3357	-7.3438	1.1187	2.9137	-7.0355	1.3511	1.4947
1.2025	-0.3098	-0.2872	0.3635	1.5852	0.9073	0.3558	1.6079	0.1439	0.5609	-2.0506	0.8473	-2.2866
1.3452	0.0502	0.0047	0.2159	1.8064	1.0744	0.3665	1.6621	0.039	0.7706	-2.3995	1.0215	-2.442
0.27	0.7457	0.7569	1.1121	-3.554	-5.8953	-1.3784	-10.203	4.0905	4.3166	4.0907	5.7157	-4.7238
-0.1621	1.1161	0.7599	-0.1864	8.8422	0.6955	5.1826	-0.4454	0.0195	-1.9546	-5.3483	1.671	-1.0834
-0.2057	0.9532	0.5017	-0.3679	8.9635	0.5866	5.1154	-0.5831	-0.1309	-2.0731	-5.1958	1.5086	-1.1348
0.1088	-1.4514	-1.3126	-0.0214	-1.8405	4.5138	0.7572	-0.2299	-2.0004	-2.9769	-1.7246	-0.3379	3.4805
0.271	0.7356	0.6303	0.3637	5.2516	-0.2556	3.1707	0.49	1.1417	0.5221	-5.2811	0.6236	-2.4893
0.0612	1.8442	1.8519	0.8825	-1.7752	6.0301	-0.1787	-1.1455	-2.4846	-2.9988	-4.2685	1.8898	2.0058
-0.7463	-0.6388	-0.739	-0.1327	-0.8176	2.643	-1.6307	-0.7781	-1.8162	-2.18	-0.812	-1.8038	-1.3376
-0.4607	-0.942	-1.0233	-0.3785	-0.8436	2.5927	-1.4195	-0.4387	-1.7331	-1.7866	-0.6171	-1.9561	-0.9805
-0.3461	0.6684	0.6626	0.8331	0.5908	-8.3357	-0.2596	2.0464	3.4208	0.3912	2.9346	2.5527	0.6872
0.1156	0.536	0.7152	0.5677	-2.1911	5.6367	0.2833	-0.4857	-2.1059	-2.632	-3.1922	0.7868	2.8687
-0.2309	0.2343	-0.0067	0.5667	5.0774	3.3227	5.6206	-1.0328	0.1102	0.5078	-10.6317	-0.6153	-0.7427
-0.3015	-0.2109	-0.2981	-1.0311	-0.1802	1.1233	-0.8948	1.985	-0.9253	0.5469	0.9666	-3.0799	0.644
0.9425	-1.1907	-1.6639	-0.7504	-0.0531	2.7302	-0.722	-2.7751	0.1056	-1.4832	-2.5196	0.3817	-3.9062
-0.5447	-0.7188	-0.8459	-1.8497	3.1863	1.0737	1.962	1.2079	-1.051	0.316	-1.8637	-3.5041	0.319
-0.7672	-0.4563	-0.5042	-1.1054	2.8063	1.383	1.6811	0.9121	-1.2025	-0.2484	-1.8414	-2.7322	0.4393
-0.6424	-0.48	-0.6468	-1.1012	3.0651	1.4142	1.7019	0.6685	-1.3446	-0.4445	-1.9676	-2.3979	0.2906
0.1308	1.8424	1.7326	1.011	-1.0382	4.3558	-2.0691	-0.9093	-2.062	-1.9536	-2.6352	1.5971	-1.6776
-0.1109	2.338	2.2437	1.1835	-1.1061	4.6256	-2.1701	-1.1667	-2.1311	-1.9951	-3.1629	1.5746	-1.893
-0.4491	-1.1741	-1.2396	-1.2898	-5.1064	-2.967	-3.8586	-0.4715	-0.0891	0.6694	6.7149	-2.892	0.0903
1.0253	-1.8654	0.263	1.6693	-10.2981	18.2786	16.7042	3.2731	0.9866	15.4928	-26.3585	-11.006	22.4131
0.846	-0.1166	0.1237	0.5172	1.1332	0.8547	0.2662	1.6987	0.4264	0.6612	-2.0425	0.2648	-2.209
-0.0871	0.4927	0.4619	-1.0605	-0.922	2.9702	-1.5125	0.1839	-1.4603	-0.1567	-1.5244	-2.2252	-1.3453
0.4543	0.1673	-0.2071	-1.6667	-0.0607	2.9471	-1.2859	0.1507	-1.8482	-0.1348	-1.7097	-2.0713	-1.5428
-0.035	0.9499	0.7355	-0.9209	-0.5148	3.2892	-1.6959	-0.1426	-1.8014	-0.5333	-2.06	-1.5733	-1.7707
-1.2123	1.0503	-0.0772	2.0522	-2.6086	20.8712	-10.2828	7.2575	-14.4393	-10.5091	-7.9052	-5.7224	-1.2743
1.0924	-1.2267	-1.8481	0.3887	2.3742	-8.4614	0.7839	2.0987	2.5933	-0.2549	3.7216	3.8601	1.3239
1.0299	0.5415	0.2016	0.783	5.2351	4.2782	5.8765	-0.5322	-0.1341	0.8445	-10.9416	1.3897	-0.2189
-0.8518	0.6477	0.5415	0.3665	8.1245	0.2849	4.9826	-0.5875	0.3017	-2.644	-4.532	1.2815	-0.773
0.6241	-4.2835	-1.4017	0.8577	-5.8953	0.4362	1.7239	6.5448	4.1274	4.0707	3.6372	-4.3028	4.5162
0.6987	-0.5592	0.8674	1.4881	-2.2244	1.4727	0.3873	3.4534	1.8727	1.8701	-0.4446	-0.2102	0.2212
0.1133	-1.6406	-0.2752	1.0387	-1.9341	0.5777	0.4391	3.2401	1.8996	1.4537	0.3058	-1.6601	0.185
0.6237	0.2067	1.2919	0.9836	-1.4035	1.4379	0.0838	3.0623	1.4681	2.0387	-1.1846	-0.4213	-0.6641
-0.7675	-0.3189	-0.4196	-0.4136	9.9909	4.2797	6.7209	-0.082	-0.6205	4.9427	-10.9863	-4.2067	-4.7087
0.4834	-0.011	-0.0112	-0.1399	-2.5458	-2.1383	-0.2901	-2.6392	2.3985	0.4566	0.0682	1.2503	-0.9166
-0.8201	0.7471	0.8499	0.0713	2.3191	2.3275	1.353	0.5425	-1.3201	-0.7464	-2.7628	-0.9751	0.3196
-1.3035	-0.4277	-0.5183	-0.9206	-0.6605	1.8309	-1.798	-0.7827	-1.4537	-1.5206	-0.8338	-3.5377	-1.9698
-1.7266	0.4176	0.7111	0.7085	-2.3718	4.4551	-0.4544	-1.5003	-1.9628	-3.7576	-2.7547	-1.1663	1.8694
-0.288	1.4884	1.1921	1.4337	8.3165	1.5609	4.7868	-1.0678	-0.3748	-3.5631	-5.4959	3.9676	-0.7528
-0.1614	0.5224	0.6241	1.0259	-1.3104	3.6975	-1.6385	-0.5667	-1.7356	-2.1644	-1.4747	0.5795	-0.9261
-0.2833	0.3375	0.4804	0.4246	-1.4601	3.3811	-1.6738	-0.269	-1.515	-1.6097	-1.2098	-0.5343	-0.8992
0.494	-0.39	-0.5501	-2.2457	5.5325	-7.4253	5.0379	-1.9795	5.0642	4.1628	0.1605	0.8647	-2.0038
-0.6649	0.7689	0.7581	1.3198	-3.2456	1.5462	-1.3734	-7.7548	1.8731	0.9453	-3.0648	0.4627	-5.9139
0.3871	-0.2617	0.6755	0.498	-0.9332	0.8502	0.2534	2.7446	1.4284	1.9879	-1.2899	-1.3082	-1.1079
-0.9839	0.8926	1.0391	0.4332	2.0851	2.4373	1.0321	0.426	-1.3148	-1.0986	-2.7421	-0.8365	0.1103
-0.7268	0.6102	0.7007	0.3662	2.5096	2.604	1.5144	0.4501	-1.3907	-1.0884	-2.8941	-0.5903	0.3463
1.2642	-0.2999	-0.2036	-0.4413	1.2514	0.5994	0.393	2.1719	0.5269	1.6154	-1.9185	-0.4092	-2.1634
1.0134	-0.0607	0.0653	0.5872	1.1754	0.806	0.144	1.5326	0.2926	0.5026	-2.0327	0.8644	-2.3245
0.9575	-0.1243	-0.0079	0.7802	1.2522	0.9662	0.2124	1.3443	0.1533	0.3295	-2.1083	1.0696	-2.2916
1.0136	-0.9567	-0.9456	0.4443	1.5535	0.4386	0.4451	1.3677	0.1468	0.1621	-1.5259	0.5824	-2.0821
0.8641	-0.4904	-0.3651	0.9494	1.3582	0.7676	0.2779	1.3567	0.2094	0.003	-1.8421	1.0095	-2.2408
-0.0167	0.3509	0.5909	-1.3724	4.951	1.6055	1.5982	6.3809	-1.4571	0.1095	0.0602	-2.902	1.2248
-0.7876	1.3082	0.9603	-0.4902	0.4409	24.2797	6.3297	-6.8538	-14.12	-4.1216	-27.6094	-3.45	2.0931
-0.7943	0.2614	0.0113	1.4771	3.3532	2.5021	1.2773	-0.6527	-2.0695	-3.1146	-2.9301	1.5406	-0.1164
2.0209	-0.739	-0.7728	-1.2134	1.4304	0.8128	0.7347	2.6777	0.3369	2.3087	-1.6212	-0.6889	-1.6125
-1.7955	-0.0004	0.0109	-0.1812	-0.7402	1.8612	-1.9485	-1.1428	-1.4299	-2.0907	-0.9523	-2.9625	-2.0837
-1.4183	-2.1168	-1.904	-0.9227	-0.8985	-0.2277	-0.8328	1.8182	-0.4274	-0.3333	2.6056	-5.0613	1.0948
-0.0273	0.4442	0.6121	1.2956	-18.1888	12.8456	-8.4887	-4.8977	-7.5762	-2.3359	2.9516	1.272	7.6575
0.4945	0.6183	0.6172	1.1826	-17.7895	13.3267	-8.4055	-4.8977	-7.9229	-2.2135	2.4884	2.0609	7.6681
-0.3503	-0.6412	-0.239	-1.6085	11.1209	-4.712	4.5674	8.3471	0.1868	5.2782	1.51	-3.4713	-0.6508
-0.4054	0.1508	0.6999	-0.6915	10.6558	-3.9745	4.2982	8.1176	0.1303	4.8795	1.0226	-2.2106	-0.5841
-6.6306	0.815	0.8527	0.8792	11.9868	-11.8691	4.4552	-8.4827	7.0364	6.6433	-10.6922	-7.873	-17.2603
-0.7169	0.2281	0.3298	-1.1061	2.349	1.631	1.6164	0.9489	-0.9195	0.3373	-2.3169	-2.6461	0.3615
-1.0269	0.0895	0.3032	-0.1967	1.9168	2.0212	1.4272	0.7525	-1.1395	-0.5931	-2.1905	-1.9885	0.6754
-0.7288	0.1419	0.4292	0.475	1.7508	2.5174	1.5159	0.7276	-1.1885	-0.9691	-2.2177	-0.7689	0.9848
-0.9512	-0.4931	-0.3309	-0.9833	2.1668	1.4766	1.61	1.1322	-1.0116	-0.1465	-1.6057	-3.1173	0.7452
-0.9338	1.3205	1.7939	0.8241	1.2187	2.9808	1.2336	0.7505	-0.9874	-0.5511	-2.9117	-0.4546	0.854
-0.4342	-0.6424	-0.5358	-1.0676	2.3264	1.7398	1.8306	1.3763	-1.0299	0.049	-1.6987	-2.6586	0.9439
1.2961	-0.862	-0.8344	-0.6169	2.3944	2.9884	2.4498	2.0321	-1.3846	0.2985	-1.7861	0.0972	2.1836
-0.4553	-1.3714	-1.3354	-1.0675	2.6023	1.3701	2.064	1.2553	-1.1293	-0.3545	-1.2579	-2.7135	1.1971
-0.4587	1.0046	1.0146	0.5582	-1.1956	3.6629	-1.9448	-0.7751	-1.8053	-1.7976	-1.8699	-0.1972	-1.5962
1.2866	0.6004	0.4038	-0.3883	1.7363	4.1068	0.2814	2.0393	-2.3097	-2.4916	-1.4234	1.4701	0.8771
1.1059	1.186	1.0574	-0.0513	1.4639	4.453	0.0378	1.8457	-2.3082	-2.514	-1.7165	1.8464	0.7859
1.3612	-0.4187	-0.4909	0.1091	1.6173	3.9548	0.6209	2.2046	-2.2033	-3.0689	-0.5685	1.929	1.597
1.0414	-0.4515	-0.3849	-0.0665	1.2893	3.7681	0.579	2.2866	-1.9447	-2.8082	-0.4476	1.1452	1.6949
1.3089	-0.5381	-0.6793	-0.1961	1.7329	3.7712	0.6563	2.0577	-2.1717	-2.9044	-0.6246	1.4875	1.4232
0.9868	0.067	0.1756	0.2187	1.1291	4.0756	0.4138	2.2078	-2.0027	-2.8207	-0.774	1.507	1.5117
1.7993	-0.4592	-0.5935	-0.1501	1.7345	4.1757	0.8229	2.4337	-2.2552	-2.7211	-0.6838	2.1186	1.7954
1.6255	0.9818	0.7309	-0.1245	1.7775	4.5882	0.2898	1.9713	-2.4031	-2.4996	-1.7785	2.4951	0.9161
1.2948	-0.673	-1.1282	0.089	2.7869	3.6849	0.6784	1.4361	-2.7362	-3.9193	-0.873	2.2851	0.9019
1.1883	-0.0727	-0.2081	0.0021	1.6135	3.945	0.4203	1.8984	-2.2269	-3.0177	-0.7896	1.7619	1.254
1.1949	0.3173	0.2519	0.492	1.554	4.226	0.3697	1.8957	-2.3015	-3.2814	-1.0426	2.5057	1.2786
0.9535	-0.2138	-0.3115	0.1133	1.6969	3.8439	0.4976	1.7908	-2.2158	-3.187	-0.8992	1.5198	1.1898
1.2829	1.3275	1.3127	-0.1359	1.0606	4.4981	-0.0321	2.179	-2.047	-2.0125	-1.609	1.7774	0.8751
1.5109	-0.5318	-0.7772	-0.2794	1.9361	3.9215	0.6749	2.0044	-2.3939	-2.9756	-0.7126	1.7388	1.4566
1.3575	0.6901	0.4867	-0.1417	1.7513	4.3299	0.2449	1.8985	-2.4234	-2.6833	-1.5569	1.9638	0.817
1.4735	-0.1645	-0.1423	-0.0854	1.2094	4.1933	0.5976	2.5236	-2.0536	-2.5269	-0.6234	1.6247	1.835
1.1829	-0.5493	-0.6047	-0.4735	1.5226	3.6865	0.6269	2.2839	-2.0837	-2.5136	-0.3985	0.8546	1.6294
1.506	1.3764	1.378	0.341	1.2453	4.9598	0.2608	2.1664	-2.202	-2.3088	-1.9162	2.7435	1.1935
0.7728	0.3376	0.2871	0.0746	1.5176	3.7527	0.2134	1.7931	-2.066	-2.871	-0.9438	1.3671	0.8522
0.8056	0.2739	0.237	0.4054	1.442	4.0265	0.2336	1.6516	-2.2357	-3.2914	-1.1331	1.8103	0.9937
-0.3679	0.3107	0.2804	-0.2811	1.6633	3.0699	-0.1026	1.3702	-1.977	-3.1288	-0.9567	-0.4969	0.1464
1.477	-0.035	-0.1787	0.2404	1.7457	4.3404	0.5557	1.9462	-2.4054	-3.1054	-0.9955	2.4226	1.406
1.4529	0.1769	0.0475	0.1561	1.6717	4.376	0.4647	1.9565	-2.4006	-3.0198	-1.2104	2.3783	1.2573
-0.2787	1.116	0.7949	0.6675	-0.2234	3.5546	-1.9436	-1.3119	-2.2808	-2.4331	-2.3206	0.7328	-2.0126
1.6474	0.2381	1.6899	1.7843	-17.4083	3.3714	-12.714	2.6418	-0.7068	-8.8555	13.911	4.3537	3.484
-0.2318	0.5999	0.398	-0.1902	-0.6494	3.1287	-1.723	-0.7974	-1.795	-1.4643	-1.7649	-0.7511	-1.6698
-0.2859	0.3002	0.32	0.2452	-0.9805	3.5258	-1.5561	-0.3916	-1.7469	-1.6407	-1.452	-0.7108	-1.0562
-0.2149	0.6119	0.6688	0.4387	-1.1487	3.497	-1.6685	-0.3938	-1.6483	-1.585	-1.5341	-0.2299	-1.0654
-0.0256	0.0489	0.0153	0.239	-0.9757	3.5124	-1.4975	-0.2351	-1.8064	-1.7187	-1.2274	-0.3962	-0.7832
-0.0481	-0.6119	-0.705	-2.0956	5.361	-7.8503	4.8149	-2.2977	5.1787	3.8019	0.5366	0.3297	-2.2872
-0.0163	-0.5315	-0.616	-2.0904	5.1064	-7.7339	4.7659	-2.3164	5.2006	3.9026	0.4893	0.314	-2.206
-0.7737	0.5989	0.5247	0.3274	-0.0647	0.1133	-4.718	2.2864	-3.1777	-1.2625	4.7504	-0.0206	-1.3102
-0.2946	0.1739	0.2699	-3.1811	1.4161	-5.1102	-2.6883	9.9542	2.1534	-1.9444	3.688	-4.9935	1.5849
-0.4284	-0.8814	-0.9028	-1.3995	-5.0977	-2.7724	-3.7966	-0.3533	-0.0796	1.0179	6.4293	-3.0818	0.1087
-0.4386	-1.9863	-1.9789	-1.3109	-5.1687	-3.0965	-3.6023	-0.3224	-0.0978	0.4841	7.2113	-3.2979	0.5507
-0.3373	-1.6242	-1.7866	-1.5869	-4.6739	-3.0098	-3.6693	-0.3937	-0.2636	0.6262	6.7537	-3.2848	0.0737
0.9416	1.2781	1.3836	0.3697	-2.2929	6.663	0.1985	-0.1244	-2.3564	-2.0672	-3.836	1.7923	3.0078
0.7242	1.5024	1.6202	0.4752	-2.3494	6.5931	0.0796	-0.3441	-2.3747	-2.1327	-3.9675	1.7422	2.8208
0.019	0.9072	1.2008	-0.075	-5.7979	8.8748	3.3528	-4.5414	-3.2975	0.2765	-3.1382	1.9064	9.8717
-0.8413	0.6634	0.4918	0.4671	8.2999	0.5543	5.0742	-0.8303	0.1242	-2.758	-4.7847	1.4891	-0.7545
0.4139	-0.2674	-0.3211	-0.2013	-1.2276	3.3542	-1.3592	0.0534	-1.7072	-1.2762	-0.888	-0.5181	-0.5571
-0.5509	1.3417	1.5302	0.2769	-1.691	3.7163	-2.0577	-0.2692	-1.5704	-1.0897	-1.8918	-0.953	-1.3117
0.1166	0.2346	0.5455	0.2655	-5.1601	-9.933	-0.0906	-3.0983	5.2491	4.7697	9.3064	3.411	3.4737
-0.7207	0.8099	0.8662	0.0109	-1.1632	2.9285	-1.8101	-0.5604	-1.3492	-1.1625	-1.4959	-1.3556	-1.6011
-0.622	1.4633	1.3231	0.1416	-0.7853	3.3061	-2.1048	-0.9563	-1.8256	-1.5028	-2.2137	-0.6067	-2.1273
0.6594	1.0627	0.9384	0.4582	5.3667	-0.0374	3.2728	0.6793	1.2194	0.7373	-5.6071	1.3954	-2.4593
0.8679	-0.3685	-0.4269	-0.4055	-2.6302	-1.9246	-0.104	-2.5372	2.3407	0.572	-0.0072	1.1709	-0.7342
0.3677	1.8959	2.1299	0.9364	-2.6689	6.411	-0.1734	-0.4768	-2.0924	-2.2432	-4.029	1.95	2.6887
-0.1958	0.0898	0.0823	1.205	-17.6303	12.6114	-8.5746	-5.1708	-7.9039	-2.7123	2.8587	1.1412	7.2692
-0.7388	-0.2571	0.107	0.5311	-2.748	4.8829	-0.0002	-0.6986	-1.8233	-3.074	-2.2711	-0.5253	2.9337
-17.0417	-2.3557	0.3512	6.2805	-0.832	10.1749	12.1588	-3.6327	-7.099	-6.3635	-18.1304	-18.6925	20.1154
1.6832	0.1023	-0.1231	2.6584	-0.6968	5.2335	-0.6605	-3.4963	-0.4373	-3.6413	-3.7903	6.1475	-2.9863
-0.5493	0.7874	0.5931	0.1118	-0.6176	3.13	-1.9585	-1.1052	-1.9586	-1.839	-1.9338	-0.7104	-2.0617
-1.0107	0.1202	-0.045	-0.7289	-0.5008	2.1957	-1.8921	-0.8282	-1.6958	-1.465	-1.1365	-2.642	-2.0949
-0.5231	0.2193	0.0671	-0.4491	-0.5884	2.7083	-1.6361	-0.6366	-1.6789	-1.3777	-1.488	-1.7407	-1.7696
0.3697	-0.2638	-0.647	0.347	-0.5675	5.0203	0.4533	-1.3399	-2.8498	-3.8445	-3.2617	1.5739	2.2597
0.5811	-1.3049	-1.3566	0.71	4.9353	-1.77	3.6981	1.6518	0.7698	1.7711	-0.4526	1.006	1.23
-0.6066	-0.1408	-0.0683	-1.0008	-0.7803	1.289	-1.0183	2.0437	-0.6923	0.541	0.9556	-3.6425	0.8925
0.5191	-1.0598	-1.1014	-0.3306	1.7932	-0.1959	0.2836	1.4672	0.3539	0.5079	-1.4036	-1.0882	-2.6507
0.7616	-0.6279	-0.5224	-0.1388	1.3449	0.1031	0.1834	1.6437	0.5166	0.8706	-1.4587	-0.5547	-2.4927
1.2998	0.3261	0.1345	-1.3037	1.7072	3.7533	0.241	2.5011	-2.12	-1.5956	-1.0353	0.1684	0.8102
0.923	-0.3965	-0.2073	-0.0463	1.238	0.5714	0.4797	1.8847	0.5362	1.2211	-1.8298	-0.4253	-2.0715
0.7558	-0.6158	-0.4817	0.1624	1.333	0.521	0.2899	1.671	0.4205	0.7782	-1.7527	-0.3598	-2.3371
1.9363	0.7248	0.2401	2.211	-8.0613	27.5586	-6.9268	-2.8024	-15.957	-8.1767	-9.8911	1.6803	1.1916
2.0867	0.1124	-0.5163	1.8029	-7.7578	27.39	-6.7887	-2.8789	-16.1579	-8.3955	-9.6785	1.401	1.229
-0.8978	1.4305	1.4452	3.8962	11.4249	-4.4606	0.1109	4.4364	1.4645	-9.8574	-1.7321	5.4673	-8.3953
1.5827	-0.598	-0.5424	-0.741	1.2293	0.775	0.5643	2.3605	0.4625	1.9461	-1.7957	-0.6139	-1.9064
-0.2056	-0.6808	-0.7407	-1.1001	-0.3094	0.7413	-0.7397	2.0882	-0.6665	0.5499	1.4539	-3.2011	0.9057
0.5379	-0.877	-1.1195	-0.3601	2.3049	-0.0869	0.1237	1.1486	-0.0763	0.154	-1.8148	-0.8081	-3.1252
-0.2251	-0.858	-0.8293	-0.1168	1.7492	-0.4596	-0.1117	1.1125	0.291	0.0513	-1.4988	-1.5987	-3.2233
-1.1201	-0.091	-0.1483	-0.7509	2.8656	1.4182	1.5189	0.4418	-1.3031	-0.6819	-2.3361	-2.5266	-0.0205
-1.316	0.4043	0.4601	-0.6062	2.5078	1.6114	1.3295	0.4268	-1.1974	-0.443	-2.6482	-2.5525	-0.1045
-0.2757	1.6848	1.4586	0.3908	0.1228	0.9807	-4.8922	2.346	-3.4377	-0.9776	3.8413	1.0533	-1.5703
-0.7779	-1.9414	0.2302	-1.6978	-9.7221	7.1071	-0.2884	1.5835	3.1045	3.2845	-4.2335	-11.8171	-0.9971
-0.84	-1.6714	0.5047	-1.5789	-9.8926	7.2913	-0.4571	1.3824	3.0637	3.1869	-4.4106	-11.6026	-1.0746
0.7508	0.3283	0.457	0.1921	1.3423	0.8104	0.1671	1.578	0.3646	1.1342	-2.47	0.0306	-2.5649
-0.708	0.9938	0.8397	0.5266	-2.8017	1.2373	-1.4188	-7.7011	1.8993	1.5432	-3.4554	-0.4835	-6.5147
1.1217	-0.683	-0.9059	-0.2575	2.0949	3.6833	0.5589	1.8595	-2.4073	-3.2678	-0.7016	1.3593	1.0573
0.4805	-0.7922	-0.6307	-0.3732	1.2808	0.0107	0.3036	1.8092	0.6489	1.1057	-1.5617	-1.4307	-2.4555
1.0218	0.2743	0.4791	0.4096	0.9145	1.0842	0.0344	1.7925	0.4168	0.9903	-2.229	0.54	-2.3243
0.3122	0.5787	0.5942	-0.7421	-4.5127	-10.0119	-0.175	-3.157	5.0587	5.4494	8.5931	2.6178	2.6722
0.5531	0.3247	0.4276	-0.9856	-4.6585	-10.0185	0.058	-2.6799	5.2484	5.8785	8.9423	2.3631	3.1016
0.43	-0.2266	-0.1184	-1.2081	-4.659	-10.5394	0.1106	-2.6331	5.3806	5.8557	9.4019	1.7718	3.133
0.6525	-1.2987	-1.1499	-1.1419	1.4064	-0.4373	0.5016	2.2776	0.8143	1.6631	-1.1039	-2.4646	-2.2806
0.2084	0.2369	0.2919	-0.0913	-6.2343	-3.2904	-5.2298	2.1484	1.8975	-8.1914	5.4221	1.4658	1.2547
-1.1869	1.0472	1.1387	0.0081	-6.6093	-3.9653	-6.0583	1.1408	2.0952	-8.6172	5.0318	0.2854	0.0667
0.6442	0.8239	0.8771	0.8238	-1.9914	6.0141	0.2647	-0.7164	-2.3519	-2.8878	-3.5887	2.2844	2.879
0.4201	0.8823	1.0413	1.5036	-2.2742	6.1143	0.1729	-0.9643	-2.2831	-3.4844	-3.612	2.9279	2.907
-0.2781	1.0323	0.9933	-0.5194	-1.1393	3.3698	-1.8784	-0.263	-1.6245	-0.7436	-1.8083	-1.4725	-1.4149
1.1456	-0.5457	-0.5939	0.3779	2.2114	2.5731	2.1468	1.5405	-0.5903	0.13	-1.5325	0.6171	1.4387
0.3234	-0.5682	-0.4669	0.3552	1.9205	2.0323	1.8789	1.3691	-0.3367	0.0151	-1.2545	-0.5472	1.1117
0.475	-1.0634	-1.1248	0.581	2.3499	1.9209	2.0357	1.1036	-0.56	-0.6279	-1.0724	0.0318	1.1419
0.3808	-1.6348	-1.8442	-0.5769	2.9647	1.1131	2.2548	1.2734	-0.5376	0.023	-0.7166	-1.6402	0.9021
0.1675	-0.5695	-0.6166	0.4185	2.2893	1.7563	1.806	0.9269	-0.4808	-0.3724	-1.3353	-0.4157	0.6997
0.2696	-0.1339	-0.1697	1.0373	2.2058	2.3329	1.6677	0.608	-0.7097	-0.7757	-1.7377	0.6817	0.6753
-0.1257	-1.5525	-1.4944	0.1686	2.1504	1.1227	2.0239	1.0457	-0.2627	-0.4011	-0.5099	-1.4981	1.0598
0.1956	0.0558	0.0308	0.6592	-1.0132	-0.5077	1.4603	-3.4889	1.6638	-2.0032	-0.0165	4.1998	2.7867
0.0779	0.3835	0.265	0.5828	-0.8515	-0.5995	1.3146	-3.8247	1.5638	-2.0568	-0.2465	4.236	2.4101
1.0954	-1.2997	-1.776	-1.4273	0.4675	2.6309	-0.6224	0.3602	-1.9285	-0.7614	-0.664	-1.1758	-0.6573
1.0849	0.6535	0.668	-0.1062	-1.4843	4.0081	-1.0178	-2.1338	0.5499	-0.3896	-3.5064	1.2862	-3.4901
0.6301	1.6519	1.5932	0.781	-1.9699	6.362	-0.1292	-0.8198	-2.5479	-2.7757	-4.0812	2.4791	2.5601
0.9473	0.6154	0.5017	1.4205	-1.2572	4.5279	-1.1358	-3.1802	-0.0365	-2.3233	-3.7459	3.4842	-3.5219
-3.7019	0.3414	0.0131	2.3024	-26.034	19.4222	-0.5027	-20.6419	-3.2334	-11.6744	-13.3637	-1.8249	13.8411
-0.8795	-0.8558	-0.1451	0.5338	-6.8321	7.9795	3.5978	-4.5056	-2.7046	-0.5645	-1.556	0.8148	10.8126
-1.2893	0.4971	0.6048	0.882	-2.3783	1.2281	4.1065	-7.6254	1.4248	2.7898	-7.0156	-0.1733	0.9512
-0.988	-0.2321	-0.288	0.9956	4.7062	3.0197	5.4701	-1.3718	0.2984	-0.1247	-10.211	-1.0778	-0.8566
-0.7415	-0.9835	-0.9285	0.0603	4.9209	-2.9651	3.2269	1.467	1.3054	2.1256	-0.1793	-1.3945	0.241
-0.1902	-1.4142	-1.3113	-0.1445	4.7807	-2.7727	3.4697	2.1358	1.3124	2.5228	0.2352	-1.3096	0.8566
-0.0609	-1.6694	-1.7806	-0.0585	5.489	-3.0357	3.5611	1.6753	1.0672	2.0548	0.1312	-0.768	0.4655
0.1955	-1.3334	-1.4484	-0.6417	5.3814	-2.7942	3.5904	2.1303	1.144	2.8529	-0.015	-1.2953	0.5706
-0.7307	-1.4736	-1.1905	0.0459	4.5109	-3.1781	3.4784	1.9338	1.6197	2.4293	0.3827	-1.846	0.9045
0.5486	-1.9331	-2.1467	-0.3467	5.6631	-2.7706	3.9081	2.0297	0.9301	2.3174	0.2294	-0.4103	0.9202
1.8285	-1.4353	-2.0024	0.4552	5.9633	3.8729	6.6413	-0.2658	-0.3109	0.4645	-9.9241	1.625	0.4625
0.7716	-0.6466	-1.0437	0.6098	5.4163	3.6359	6.0343	-0.6742	-0.1329	0.3973	-10.1812	0.6179	-0.159
0.9797	-0.3221	-0.261	0.3318	-6.3564	-2.7893	-4.8215	2.4089	1.7332	-8.3349	5.8157	2.8016	2.1065
0.668	0.0757	0.079	0.4382	-6.2207	-2.9001	-5.1277	2.2174	1.6918	-8.6237	5.6495	2.7881	1.6335
0.1241	-0.0598	0.0081	0.4731	-6.2172	-3.2509	-5.2066	1.9039	1.7318	-8.8041	5.7644	2.1504	1.432
0.4294	-0.1999	-0.157	0.0625	-6.2928	-3.2553	-5.0794	2.1482	1.8159	-8.4584	5.8517	1.9459	1.6492
0.3731	0.2971	0.3683	0.5756	-6.4268	-2.8782	-5.2865	1.9586	1.7595	-8.6673	5.4074	2.5858	1.449
0.0149	0.0213	0.1519	0.5849	-6.517	-3.1655	-5.3008	1.935	1.7952	-8.891	5.7903	2.0556	1.4243
0.2662	0.186	0.3501	1.0811	-6.4166	-2.935	-5.1705	1.9772	1.7615	-9.0265	5.6741	3.0999	1.7134
0.4325	0.2269	0.3566	0.5843	-6.5618	-2.912	-5.2285	2.0861	1.7986	-8.5743	5.5521	2.6344	1.6314
1.2856	0.6651	0.3511	0.35	-0.453	4.1712	-0.8773	-2.882	0.0095	-1.3881	-3.9871	2.6549	-3.9021
-0.6071	0.9792	1.3201	-0.0252	-5.8455	8.5036	3.1986	-4.8548	-3.1215	0.0377	-3.2071	1.2909	9.6363
-0.0148	-0.312	-0.0553	-0.1959	-3.1719	-2.2495	-0.2977	-2.3674	2.7851	0.747	0.43	0.0469	-0.7516
1.0737	-0.0911	0.0998	0.082	0.9062	0.8825	0.2637	1.8831	0.5153	1.2438	-2.1486	0.0804	-2.2016
0.8866	0.8992	1.2437	0.3823	0.5951	1.2464	0.0215	2.0167	0.6831	1.5454	-2.6241	0.2907	-2.3943
-0.7008	-0.9705	-0.9427	-0.7148	-0.2684	0.5135	-0.7126	1.8346	-0.6978	-0.0918	1.5872	-3.3682	1.0087
0.9467	-1.0133	-1.3597	-2.5884	5.9191	11.2974	14.0591	-5.1323	2.0274	22.3078	-29.6202	-10.448	-4.1127
-0.0681	1.2636	1.2357	1.1566	5.097	-0.1076	2.8467	0.1064	1.1465	-0.1138	-5.6689	1.3926	-2.973
0.6294	2.073	1.9109	1.0512	5.2493	0.7273	2.9214	0.2428	0.8941	0.3778	-6.4041	2.3579	-2.9026
0.3384	-1.9933	-2.2165	-1.0489	-4.514	-2.6355	-3.2972	-0.3641	-0.4438	0.2312	6.96	-1.7055	0.6357
-0.2745	0.4811	0.3004	-0.4391	-0.5864	3.1872	-1.6232	-0.5431	-1.7927	-1.1942	-1.5685	-1.3337	-1.4348
-0.2049	0.445	0.2828	-0.3616	-0.7376	3.227	-1.6445	-0.4867	-1.7423	-1.2509	-1.5536	-1.1581	-1.3827
0.6141	-0.438	-0.7358	0.6629	5.0958	3.6337	6.0838	-0.6879	0.0413	0.5951	-10.4007	0.2983	-0.069
0.4915	-0.2968	0.0027	-0.4346	1.0188	0.2562	0.3469	2.1081	0.8592	1.6367	-1.8591	-1.6375	-2.3992
0.3996	-0.1497	0.0672	-0.504	1.1696	0.0835	0.1121	1.9375	0.707	1.5726	-1.8699	-1.6234	-2.641
0.1602	-0.6043	-0.3076	0.663	1.2444	0.2293	0.3129	1.4686	0.6676	0.2174	-1.6638	-0.4092	-2.3817
0.1219	-0.5369	-0.3368	0.6051	1.4647	0.2034	0.2076	1.3421	0.4892	0.1062	-1.6437	-0.425	-2.5654
-0.1614	-0.0086	0.466	1.7665	0.6721	0.6724	-0.0107	1.1088	0.6458	-0.4532	-1.9971	0.7276	-2.3856
-0.6874	-1.9883	-2.2303	-1.2712	3.6259	0.5675	2.2666	0.5777	-1.3622	-0.9962	-1.1774	-2.9599	0.632
-3.6503	-1.0574	-0.9697	-0.9579	-2.6863	5.1307	-1.3785	-1.3023	-3.5626	-6.5896	-0.7307	-5.3347	3.4027
-6.6243	1.2114	1.1107	0.6752	12.3888	-12.1415	4.3877	-8.6455	7.0398	6.7571	-11.0652	-7.8383	-17.7842
-1.0913	-0.1853	-0.2008	-0.4886	6.5544	5.3256	-5.0669	5.5414	-1.4992	-13.2412	-7.268	-5.9235	-12.0152
0.6234	-1.1601	-0.745	-1.4484	8.6017	-2.5382	0.4935	13.614	1.3535	-2.1692	-1.0266	-5.8354	-2.016
1.0441	-0.9177	-0.5731	-1.4651	8.8252	-2.2224	0.5766	13.8127	1.1964	-1.9592	-1.3287	-5.2947	-2.002
1.0345	-0.8067	-0.4089	-1.3228	8.7173	-2.0297	0.6007	13.8123	1.2596	-1.9945	-1.4957	-5.1916	-1.968
0.7499	-1.3232	-0.9876	-1.5968	8.9296	-2.6005	0.6539	13.6413	1.2498	-2.2085	-1.0627	-5.8645	-2.0294
0.1822	-0.929	-0.4732	-1.5165	8.7088	-2.799	0.4367	13.4415	1.4937	-2.1308	-1.2626	-6.5314	-2.3987
-0.2658	-0.2809	-0.4536	-0.2341	-0.6803	2.7491	-1.5733	-0.5473	-1.7398	-1.7511	-0.9051	-1.2463	-1.2615
-0.5834	-0.4286	-0.3501	-0.3604	2.4287	1.9909	1.7439	0.8987	-1.326	-0.7244	-1.9562	-1.6887	0.9408
-0.071	1.7793	1.6352	-2.8766	-12.729	-10.9885	-19.8014	8.1887	1.1463	-7.0025	25.5542	-0.525	-0.8729
-0.4796	0.1791	0.2281	-0.2842	2.5494	2.0805	1.6487	0.9084	-1.2132	-0.4301	-2.4045	-1.2514	0.6077
-0.1811	-1.8968	-1.7092	-1.3919	12.0041	-4.9543	4.8909	8.1017	-0.1788	4.1758	2.0386	-2.9219	-0.569
0.46	0.6702	0.1178	-1.862	3.3584	9.2139	0.8639	1.1576	-6.2642	-2.502	-5.7976	-0.6104	1.7617
0.2321	0.147	-0.3614	-1.5533	3.3969	8.9766	0.9342	1.0059	-6.2401	-3.0677	-5.3679	-0.6276	1.9203
0.5494	-1.1449	-1.8965	-1.8864	4.1526	8.373	1.353	1.0196	-6.4672	-3.566	-4.6363	-0.6305	2.1451
1.1348	1.0472	0.4736	-1.8929	3.2808	9.7605	0.9604	1.5987	-6.2893	-1.9527	-5.957	0.2327	2.1104
0.7121	1.3412	0.6707	-1.8944	3.4178	9.612	0.7011	1.0271	-6.4773	-2.3384	-6.2765	-0.1247	1.4625
1.4317	0.5705	-0.0957	-1.2457	3.6801	9.9885	1.2518	1.3036	-6.6286	-2.9557	-5.95	1.4671	2.3525
2.0239	1.2046	0.3854	-1.5992	3.7786	10.4541	1.183	1.3853	-6.7527	-2.3477	-6.4469	2.0347	2.2573
0.0515	0.3842	-0.1656	-1.4906	3.5059	8.9879	0.8895	0.7299	-6.2229	-3.1895	-5.6475	-0.5747	1.6405
-0.7985	0.1827	-0.3194	-1.9693	3.3765	8.1348	0.4943	0.5958	-6.0353	-3.1328	-5.1481	-2.3809	1.0588
0.4404	-0.4331	-0.7239	-1.9155	2.8137	8.9978	1.2845	1.7694	-5.8599	-2.2819	-4.7521	-1.3921	2.7061
-0.0247	0.6454	0.5706	0.1169	-0.0117	0.4463	-4.5149	2.8865	-3.2044	-0.6978	4.8774	0.5477	-0.8432
-0.737	0.4688	0.4897	0.1952	-1.0952	2.9527	-1.788	-0.7586	-1.5157	-1.6028	-1.4647	-1.1572	-1.6105
0.0746	0.9964	0.9608	-0.2905	-1.1555	3.5601	-1.7077	-0.1367	-1.5894	-0.5816	-1.8077	-0.82	-1.3091
-0.18	1.0619	1.084	0.0423	-1.3409	3.5264	-1.8656	-0.3554	-1.5236	-0.8895	-1.8321	-0.6591	-1.4855
-0.8183	-0.9243	-0.9186	-0.2616	-2.3176	-3.1952	-0.3856	-3.4647	2.4722	-0.3782	0.4572	-0.6221	-1.6894
0.1524	0.1087	0.1673	-0.0953	-2.6485	-2.1257	-0.2235	-2.8684	2.5071	0.4742	-0.2902	0.7955	-1.2148
-0.7339	-0.6382	-0.5477	-0.1674	-2.4668	-3.0682	-0.3639	-3.2121	2.6664	-0.0888	0.3547	-0.5701	-1.6002
-0.5423	0.5005	0.8317	0.0862	-2.0207	3.0442	-1.7357	0.0752	-1.0686	-0.9661	-0.9978	-1.5052	-0.7553
0.4531	1.2145	0.5041	1.8192	6.5674	4.2883	5.5685	-2.134	-0.8049	-0.9829	-12.0674	2.9359	-1.7638
0.2276	0.6952	0.015	1.0547	6.4162	3.7574	5.5935	-1.8327	-0.5904	-0.4122	-11.5843	1.3955	-1.6636
0.2189	0.386	-0.3212	1.1592	6.4313	3.6887	5.6242	-1.9122	-0.6631	-0.7325	-11.3298	1.6138	-1.5412
1.0181	-0.0701	-0.9356	1.2087	7.0234	3.9816	6.0826	-1.6913	-0.9033	-0.8197	-11.294	2.5673	-1.1549
0.1733	0.541	-0.1616	1.3305	6.5512	3.5863	5.6111	-2.0903	-0.6421	-0.8489	-11.3589	1.7932	-1.6688
-0.2571	-1.5387	-1.1644	-0.784	11.3765	-4.7631	4.8471	8.088	-0.0025	4.1133	2.0396	-2.3488	-0.1305
-0.7556	0.4601	0.461	-0.1737	-0.9326	2.7447	-1.8678	-0.6086	-1.596	-1.456	-1.3701	-1.7642	-1.7505
0.2597	-0.4246	-0.417	-0.4641	2.5677	2.4427	2.032	1.2119	-1.4307	-0.191	-2.1249	-0.8057	1.2261
-0.9332	-0.187	-0.1821	-0.3032	-1.179	2.5937	-1.8003	-0.6765	-1.5749	-1.7738	-0.971	-2.1965	-1.4061
-2.1475	0.9217	1.0848	1.1639	-2.3223	0.6735	3.6817	-8.2417	1.5255	2.2773	-7.2109	-0.6697	0.1725
-2.0747	0.5263	0.6433	1.1853	-2.2191	0.766	3.822	-8.2996	1.4322	2.0855	-6.9535	-0.6338	0.4068
0.1467	1.9407	2.2055	0.1745	-2.748	6.025	-0.1518	-0.2936	-1.9073	-1.5436	-3.9977	0.5392	2.5532
-0.736	-0.1922	1.363	0.951	-18.3964	-14.3816	-13.9305	-3.2388	7.363	9.561	20.2916	-0.0244	-4.8048
-0.6003	-1.0016	-1.1378	-0.8423	-0.178	0.4752	-1.0118	1.5966	-0.9386	-0.3895	1.6106	-3.2573	0.5412
-4.4798	-1.7081	-1.6582	-1.7518	5.6137	19.661	4.0985	4.5678	-7.9712	-3.921	-24.272	-16.2601	-2.294
1.7711	-0.0902	-0.531	-1.7501	-0.1846	3.6568	-0.8421	0.7621	-1.9791	0.3863	-1.5909	-0.7393	-0.647
0.4069	-0.2137	-0.2231	-0.0066	1.8763	0.1217	0.0942	1.3293	0.2342	0.4931	-2.0581	-0.5952	-2.9905
0.3854	-0.494	-0.4528	-0.0353	1.651	0.0034	0.1134	1.3648	0.419	0.4186	-1.8152	-0.7352	-2.8866
-0.6955	0.3181	0.2844	0.9907	-0.0039	0.2149	-4.6395	2.2635	-3.2572	-1.9821	4.977	0.9088	-0.942
0.0078	-1.0912	-0.8261	0.535	3.7887	3.1929	6.1529	-0.0268	0.8693	1.1484	-9.2361	-1.4509	0.7794
0.1983	-0.463	-0.3257	0.7377	4.078	3.7183	6.0176	-0.2079	0.5873	1.0916	-9.8705	-0.6424	0.3834
0.2723	-0.8626	-0.6685	-1.4861	-4.7945	-10.9111	0.315	-2.2929	5.5596	6.0081	10.0529	0.77	3.545
-1.2745	0.8519	1.1193	1.4003	2.0304	2.5303	1.1358	-0.0906	-1.3706	-1.9455	-2.7598	0.1722	0.2797
0.434	-0.1567	-0.2016	-0.1853	2.5491	9.7842	1.3285	1.6217	-6.0252	-3.4909	-4.855	0.7117	3.1759
0.537	-0.1823	-0.2048	-0.1963	2.5039	9.9104	1.4226	1.781	-5.9847	-3.4272	-4.9708	0.827	3.2539
0.025	0.2032	0.3316	-0.6826	-2.9938	-2.264	-0.335	-2.5197	2.721	1.2728	-0.1394	-0.328	-1.1631
0.5357	0.6481	0.5279	-0.3338	-2.9653	9.172	-0.7124	0.494	-4.521	-5.0239	-2.2794	0.9392	5.4075
0.3124	0.6973	0.584	-0.3926	-2.905	8.8909	-0.7461	0.391	-4.4516	-4.9692	-2.2498	0.6111	5.3222
0.3034	0.6563	0.507	-0.5429	-2.7953	8.7208	-0.7547	0.4414	-4.4207	-4.9164	-2.2065	0.4642	5.2673
0.4382	-2.1529	-2.3667	-1.2609	6.7374	-10.3439	5.4746	-0.2719	5.6328	7.6757	1.9461	-1.4001	-1.6083
1.0675	-1.7228	-2.4045	-1.6412	7.7908	-10.0066	5.4741	-0.6053	5.0009	7.5852	1.2587	-0.435	-2.2062
0.8156	0.0725	-0.6875	-1.1621	7.7602	-9.3656	4.8041	-1.2058	4.7387	7.4689	-0.0091	0.5198	-3.1418
0.775	0.8125	0.5975	0.8471	-0.7595	4.3768	-1.0484	-3.1242	-0.0335	-1.9099	-4.3262	2.6072	-4.0178
-0.8176	0.1157	0.3823	0.6603	-4.2732	-6.9515	-1.5866	-10.2344	4.7367	4.5669	5.1067	3.3078	-4.7926
-0.5971	1.0778	1.1218	0.5259	-3.7691	-6.4872	-1.7846	-10.5047	4.3544	4.6849	4.1619	3.915	-5.4052
-1.1802	-0.3582	-0.2458	0.335	2.776	1.7636	1.6825	0.2668	-1.3533	-1.5357	-2.2234	-1.349	0.3513
0.4528	-0.3643	-0.451	0.3104	4.6274	3.6979	6.0413	-0.1771	0.3812	1.1806	-10.0042	-0.5246	0.2932
0.4058	-0.3988	-0.3576	0.2793	4.3172	3.6911	6.0773	-0.0997	0.5442	1.4393	-9.9161	-0.7646	0.4576
0.5001	-0.0938	-0.1616	0.518	4.5168	3.8204	5.8758	-0.2246	0.3479	1.089	-10.1088	-0.0907	0.2296
0.8304	-0.6412	-0.4274	-0.0786	1.0545	0.5473	0.3566	1.9172	0.505	1.033	-1.506	-0.6252	-2.0747
0.4696	0.0775	-0.2342	0.5253	5.2276	3.6547	5.7899	-0.7365	0.0523	0.7671	-10.5586	0.1543	-0.5359
-0.5942	0.0881	0.4911	0.1424	-3.5485	-2.4456	-0.6388	-2.6999	2.9777	0.4842	0.2534	-0.2959	-1.1433
-0.0937	0.0079	0.1118	-0.9802	-2.6862	-2.8433	-0.266	-2.4564	2.8746	1.3644	0.1441	-0.8578	-1.275
-0.1315	0.2156	0.3333	-0.7243	-2.6996	-2.6394	-0.3641	-2.6196	2.806	1.0869	-0.0534	-0.4356	-1.3417
-0.0417	-0.9254	-0.8258	-1.2202	-2.5981	-3.1763	-0.0494	-2.318	2.9159	1.128	0.752	-1.299	-0.9622
-0.0459	0.0595	0.2277	-0.8168	-3.0198	-2.7397	-0.4376	-2.393	2.9007	1.2737	0.2806	-0.6386	-1.1561
-6.8396	0.8415	-3.2489	3.2651	10.0253	-18.5673	-7.7884	-16.06	-8.4263	-19.0061	10.3772	9.676	-9.3512
0.5001	0.2454	0.2721	0.4031	1.9149	2.8391	1.5809	1.1136	-0.6386	0.1846	-2.0611	0.0125	0.748
0.4995	0.3396	0.3688	0.8068	1.7393	3.0105	1.4342	0.9392	-0.7954	-0.3216	-2.0856	0.5787	0.801
1.4898	0.7652	0.5601	0.8955	-1.0494	4.7229	-1.0023	-2.8382	-0.0351	-1.6101	-3.9575	3.5264	-3.5153
-0.8493	-0.7207	-0.8102	-0.6086	-0.0797	0.4241	-1.0449	1.422	-0.9196	-0.3297	1.4964	-3.1516	0.3657
-0.6582	-1.4167	-1.3012	-0.7503	-5.5163	-3.0071	-3.8332	-0.6283	0.0536	0.4376	7.0752	-2.6099	0.436
1.8338	0.1786	0.2147	-0.1668	1.614	1.2845	0.6053	2.3325	0.2797	1.6973	-2.5416	0.7758	-2.0864
-0.4125	0.1348	0.0064	0.5898	0.7534	-8.5897	-0.1602	1.9488	3.3519	0.2372	3.3665	1.991	0.7414
-1.2828	0.0364	0.3574	1.4382	2.1969	1.9987	1.5226	0.1068	-1.084	-2.0284	-2.1382	0.0175	0.5949
-1.086	-0.2636	-0.1341	-0.5875	-3.5451	0.0467	-1.1686	-6.8795	2.6763	2.4763	-2.1702	-3.321	-5.9844
-0.807	-0.8501	-0.6019	-0.7055	-3.9611	0.1104	-1.0104	-6.446	2.7937	2.6963	-1.572	-3.4739	-5.3179
-0.6245	-0.8274	-0.8569	-0.7593	-3.1496	-0.0185	-0.9206	-6.8155	2.4851	2.3759	-1.8405	-2.9204	-5.7231
-0.7142	-0.0553	0.0599	-0.5668	-3.6273	0.4177	-1.0969	-6.751	2.6394	2.7687	-2.3497	-2.8085	-5.7704
-0.8341	-0.3503	-0.2367	-0.301	-3.5287	0.2808	-1.1274	-6.929	2.5801	2.2883	-2.2187	-2.6487	-5.8687
0.6849	-1.1915	-1.6841	0.1226	-27.2395	-3.3997	-10.0426	-13.044	3.087	1.3648	11.5467	2.3674	5.513
-0.789	0.3464	0.3334	0.8458	-1.9	1.2183	4.3017	-7.4282	1.2612	2.8465	-6.9149	0.494	1.0741
-1.6836	-0.1666	-0.0368	-0.7797	2.4962	0.9043	1.4023	0.5783	-0.9015	-0.6215	-1.947	-3.4989	0.0245
0.0817	-0.6428	-0.826	0.3251	5.605	-1.0226	3.5312	0.3026	1.2102	-0.2534	-4.4825	0.1043	-2.243
-0.0995	0.5298	0.4654	0.3643	5.1727	-0.7293	3.0921	0.3663	1.409	0.27	-5.1054	0.1426	-2.6851
-0.0628	2.1245	1.9713	4.1475	26.6574	26.0113	18.8834	-1.7462	-14.2926	-6.8518	-30.0399	6.7435	4.3338
-0.8062	0.6102	0.8643	0.4938	-2.4278	4.9258	-0.1299	-1.1441	-1.9123	-2.9747	-3.0844	-0.2673	2.3222
-0.168	-0.4661	-0.4225	0.09	-1.7846	4.633	0.3216	-0.8699	-2.1113	-3.067	-2.4429	-0.002	2.7173
-0.2387	0.0265	0.1087	0.2015	-2.0935	5.0001	0.0851	-0.9055	-2.2057	-3.0693	-2.7644	0.0336	2.6565
0.727	0.6966	0.4306	1.4377	5.0322	4.6252	5.6857	-0.8801	-0.2602	0.3195	-11.1232	1.8806	-0.4099
-1.3346	0.9995	1.0856	-3.3054	1.4722	-5.3817	-3.3061	9.3374	2.1184	-2.1486	2.932	-6.2139	0.2569
0.6064	-0.277	-0.3257	-0.2396	-2.3336	-2.2156	-0.0909	-2.6227	2.299	0.503	0.0834	1.1178	-1.0252
-0.2578	0.1487	0.2821	1.2166	-1.9084	5.3342	0.2428	-1.1931	-2.3037	-3.7962	-3.1038	1.4061	2.6657
-0.5439	-0.8317	-0.0886	-0.0201	-6.471	15.1678	5.3101	-8.9625	-3.9897	-0.9352	-6.9757	-0.4448	8.1079
-0.5655	-1.3656	-0.5473	-0.1011	-6.5652	14.8134	5.5003	-8.8575	-3.7558	-0.8586	-6.5987	-0.769	8.323
-0.145	0.8547	0.8558	-0.5897	-4.8635	8.669	3.3727	-4.8316	-3.5809	0.1317	-3.5587	1.3462	9.1392
-0.6766	0.4533	0.66	-1.0516	-5.2586	8.031	3.3827	-4.4762	-3.1646	0.5499	-3.122	-0.2757	9.2215
-0.4407	0.9827	1.2518	-0.369	-5.5667	8.6984	3.2723	-4.5164	-3.2664	0.2911	-3.4304	0.937	9.4843
0.0062	-0.2475	0.3113	-0.7784	-9.5107	-3.136	-10.6962	6.5333	-1.9982	-0.7128	14.6185	-1.8621	2.6431
0.0345	0.0837	0.6042	-0.6661	-9.3	-3.0273	-10.7069	6.4407	-2.0605	-0.7997	14.1501	-1.5269	2.4208
-1.5308	-0.0281	0.1746	2.2842	7.5601	27.7818	1.3891	8.6948	-11.0882	-11.6265	-20.3426	-8.2684	-3.8005
0.4606	1.4511	1.5943	1.3377	-19.2386	-9.6599	-15.6143	-2.2156	8.3582	1.8994	7.9833	-2.1475	-9.9606
-0.0592	1.1595	1.4436	0.6535	-2.7402	5.8317	-0.1306	-0.4969	-1.9932	-2.6205	-3.3089	0.8509	2.8385
0.033	1.6066	1.6735	0.2423	-1.4968	4.0843	-1.8331	-0.2118	-1.5308	-0.6442	-2.1164	-0.1239	-1.2931
0.2177	2.6381	2.5004	0.4561	-1.0367	4.4603	-2.2007	-0.6835	-1.9009	-0.8528	-2.9748	1.0099	-2.0005
-0.4972	-1.2809	-1.4588	-0.8308	-4.5916	-2.854	-3.7515	-0.9754	-0.3594	-0.0607	6.5117	-2.167	0.0012
-0.9166	0.5585	0.4309	0.2847	-3.0015	0.8904	-1.4403	-7.6583	2.0824	1.5529	-3.0001	-1.247	-6.4353
0.9265	0.4359	0.6515	-0.1893	0.9186	0.9257	0.1621	2.0132	0.5894	1.69	-2.3889	-0.4425	-2.421
0.7592	-0.695	-0.4856	-0.2487	1.32	0.2089	0.5096	2.1217	0.5762	1.3537	-1.4297	-1.0235	-1.9632
2.0587	1.0919	0.8917	-0.9673	1.8998	1.3534	0.2789	2.2182	0.1412	2.4277	-3.1335	0.5118	-2.7857
-0.365	0.3446	0.4603	0.0397	-1.2474	3.2835	-1.5065	-0.1608	-1.3856	-1.1285	-1.2481	-1.2135	-1.0131
4.074	-0.671	-1.3962	0.9534	-5.6265	16.7022	-0.018	-9.8741	-7.7727	-0.989	-6.3041	9.2474	1.8739
-0.7818	-0.7111	-0.8379	-0.2554	0.0153	0.7177	-1.0416	1.3284	-1.0299	-0.7831	1.3866	-2.4888	0.5773
-0.9509	0.3832	0.516	0.2295	-0.8979	1.3097	-1.4092	1.404	-0.8193	-0.5331	0.9117	-2.1058	0.5182
-1.4629	1.5276	1.8026	0.7023	-1.4141	1.5496	-1.8731	1.108	-0.6382	-0.4884	0.2271	-1.9496	0.0537
-0.6441	0.98	0.8866	0.2732	-0.4666	1.7306	-1.4855	1.0478	-1.1414	-0.5232	0.2325	-1.2359	0.2055
0.7209	-1.0804	-1.0078	-0.7203	1.5945	-0.0687	0.5601	2.0968	0.6261	1.2716	-1.288	-1.607	-2.1143
0.406	-2.1081	-2.0903	-0.4619	1.9097	-0.6652	0.6879	1.6874	0.5067	0.3362	-0.747	-1.7256	-2.2229
1.1106	-0.8666	-0.8889	-0.5823	1.7562	0.197	0.5862	2.0364	0.4158	1.1821	-1.5811	-0.7173	-2.1929
1.4359	-0.4147	-0.3145	-0.4146	1.4297	0.9106	0.6692	2.2732	0.4521	1.547	-2.0693	-0.2316	-1.9257
1.543	-1.7333	-1.6585	-0.8271	1.5512	0.1608	1.0074	2.6492	0.633	1.5376	-0.9308	-0.9852	-1.3987
0.9829	-0.0499	0.0387	-0.6041	1.3542	0.6757	0.3182	2.1321	0.5446	1.676	-2.1424	-0.9847	-2.4398
0.4602	-0.7948	-1.5152	0.2725	-4.7116	-21.065	-9.1286	11.9123	10.839	-0.968	16.656	-4.1542	-1.583
-0.5972	0.1248	0.3767	2.0731	-0.2845	-8.0272	-0.1655	1.7473	3.5822	-0.576	3.6233	3.506	1.5874
-0.5497	0.3902	0.4652	2.6459	0.4118	-7.6599	-0.1653	1.2721	3.1233	-1.4412	3.0727	4.7224	1.1969
-0.5883	-0.247	-0.1059	2.0023	0.28	-8.227	-0.0373	1.708	3.3751	-0.8841	3.6378	3.4882	1.3659
-0.5789	-0.5546	-0.5078	0.2902	-1.0962	-1.3889	1.2884	-3.6144	1.8707	-1.9986	0.5992	2.4778	2.4351
1.3135	0.9179	0.4989	-0.129	0.1598	4.864	-4.1995	3.8157	-3.4447	-3.6016	-2.2774	-0.9719	-3.2755
1.8251	0.7164	0.1521	-1.098	0.3987	4.6008	-4.0638	4.3104	-3.377	-2.7578	-2.1223	-1.6419	-3.2315
-1.4123	-2.0634	-1.9079	-0.5289	0.8884	4.7197	-1.7443	2.2512	-1.5468	8.5392	-6.7774	-10.4627	-8.952
1.5708	-0.2343	-0.9814	-0.3413	0.692	3.4619	-0.6847	-3.0809	-0.3796	-1.7412	-3.5921	2.3824	-4.2791
1.6377	0.1434	-0.6807	-0.5916	0.715	3.5551	-0.8992	-3.1604	-0.4851	-1.4847	-3.8911	2.2696	-4.5746
0.382	0.9045	0.7797	-0.0023	-2.9278	9.0434	-0.5904	0.0936	-4.4246	-5.0952	-2.6144	1.369	5.286
-0.4929	0.9977	1.0107	0.0712	-3.1296	8.4708	-0.8235	-0.1788	-4.1027	-5.2257	-2.5022	0.3502	4.9685
-0.0529	-0.4356	-0.1928	-0.1208	-3.2517	-2.6213	-0.347	-2.6196	2.8158	0.6684	0.6076	0.1189	-0.8492
1.1695	-0.0531	-0.0752	2.1277	-1.1369	4.6942	-0.7472	-3.194	-0.0417	-3.0527	-3.5424	4.4947	-3.0977
-0.6979	-0.0008	0.1113	-0.1561	-1.5772	2.779	-1.7178	-0.3875	-1.3345	-1.3467	-0.9808	-1.9107	-1.1244
-4.3329	-2.8842	-2.9969	-2.1295	6.1213	18.9424	4.4639	4.5947	-7.9904	-4.1855	-23.5085	-16.7176	-2.2118
0.1472	0.2728	0.1752	0.2573	5.4875	-0.8375	3.3529	0.4813	1.3067	0.3998	-4.8369	0.1975	-2.4944
-0.7689	-0.3089	-0.2806	0.2338	5.4179	-1.7432	3.2877	0.2697	1.5608	0.0053	-4.3161	-1.2064	-2.6461
0.0406	0.1556	0.0721	0.4934	5.4577	-0.8541	3.4169	0.4232	1.2607	0.0452	-4.8182	0.4362	-2.3913
-0.1734	-0.0959	-0.1989	0.163	5.6046	-1.2133	3.4072	0.3495	1.3405	0.126	-4.7056	-0.3998	-2.6654
-0.4894	0.9024	0.9624	0.5677	5.0513	-0.9043	3.0257	0.2907	1.5111	0.2865	-5.1643	-0.1566	-2.8453
-0.2139	0.717	0.5229	0.3714	5.6649	-1.0163	2.99	0.0997	1.1323	-0.0642	-5.2416	0.2401	-3.1751
-0.0602	0.7948	0.6864	0.3854	5.4869	-0.7264	3.2445	0.1966	1.2863	0.3819	-5.4793	0.3267	-2.8822
-0.3719	-0.2909	-0.1672	0.1536	4.989	-1.4199	3.4103	0.7033	1.6725	0.4603	-4.3571	-1.0452	-2.2917
-1.051	-0.0036	0.0368	0.298	5.326	-1.6587	3.1253	0.0623	1.5773	-0.1741	-4.514	-1.2785	-2.9497
-1.1546	0.9843	1.0113	0.1048	2.4601	2.0824	1.0317	0.053	-1.4071	-1.0335	-2.9456	-1.0596	-0.2682
-0.1192	0.0798	0.0346	-0.298	2.7261	2.4828	1.748	0.8445	-1.5615	-0.5162	-2.5509	-0.7579	0.716
-0.3681	0.1895	0.1378	-0.284	1.7613	-10.1499	-4.1659	9.1476	5.666	2.4669	0.7211	-7.0711	-7.0665
-0.467	0.2034	0.1725	-0.186	1.6316	-10.2516	-4.1655	9.0061	5.7964	2.4329	0.7486	-7.0535	-7.1345
-0.2892	0.1883	0.0921	-0.2289	1.792	-10.0783	-4.1174	9.0725	5.6308	2.419	0.6223	-6.8118	-7.0182
1.28	-0.4609	-0.6233	-0.393	1.9739	3.8568	0.6659	2.2183	-2.2653	-2.7039	-0.8909	1.1778	1.2773
-1.3935	1.1111	1.3299	0.2959	2.0455	2.3309	1.1407	0.2695	-1.1684	-0.8686	-3.1368	-1.347	0.0272
-1.4651	0.2842	0.0962	-1.1008	3.2293	1.1949	1.2436	0.1001	-1.3701	-0.556	-2.7507	-3.0577	-0.7323
1.0237	-0.0922	-0.149	1.393	-1.0962	4.3051	-0.8891	-2.8517	0.1283	-2.4566	-3.4998	3.3014	-3.2643
0.5337	-0.1986	-0.2615	1.4286	4.8381	-1.1803	3.3376	1.1867	0.6368	1.3717	-1.2586	2.3396	0.7501
1.1379	1.3565	1.1999	0.6377	-0.9972	4.6142	-1.1911	-2.7101	0.0892	-1.1726	-4.433	2.7926	-3.9564
-0.7624	0.5723	0.4257	-0.2762	-0.8012	-1.4525	0.784	-3.9412	1.817	-1.6164	-0.1853	2.047	1.4334
-1.2911	-0.6236	-0.7583	-0.5007	-0.6322	-2.3113	0.9783	-4.0277	1.8126	-2.0804	0.5874	0.8115	1.5327
-0.8607	0.7877	0.78	-0.0707	-1.2435	-1.3	0.7877	-3.8427	1.9262	-1.504	-0.3152	2.0546	1.6308
-1.5124	0.9174	0.9919	-0.0549	-1.4666	-1.7153	0.4263	-4.0411	2.0901	-1.6218	-0.0842	1.249	1.2712
-0.7801	0.88	0.9197	-0.6931	-1.2856	-1.4915	0.8234	-3.3392	2.1788	-0.6676	-0.1915	1.2305	1.6578
-0.6372	1.8858	1.9724	0.0809	-1.6624	-0.5676	0.5145	-3.6755	1.9356	-0.9343	-0.9595	2.6566	1.5481
0.1921	0.7843	0.6323	-0.3473	-0.9832	-0.6846	1.0959	-3.352	1.7354	-0.8832	-0.4115	3.0753	2.1221
0.6717	-2.433	-2.6174	-2.087	-4.7425	-2.9726	-3.0342	0.3344	-0.1146	1.4013	7.2462	-2.935	1.0898
0.5893	-2.345	-2.5157	-1.6255	-4.7365	-2.8706	-3.135	0.1232	-0.1981	0.8684	7.3063	-2.336	1.1762
-0.9282	1.0953	1.022	0.1974	9.9497	4.8349	6.3058	-0.3958	-0.612	4.816	-11.9933	-3.1726	-5.352
2.0607	0.2539	-0.1112	-1.0165	-0.1259	4.6808	-3.5971	4.5851	-3.1002	-2.3307	-1.9077	-1.6936	-2.5465
2.2799	0.6634	0.1304	-1.2808	0.2436	4.8399	-3.6175	4.5068	-3.2947	-2.1027	-2.317	-1.4829	-2.8217
-0.8988	-0.8811	-0.8979	0.8108	8.0449	0.0804	5.4321	-0.6022	0.2548	-3.5933	-3.6722	1.3984	0.0641
-1.5663	0.8446	1.0909	0.7297	-2.9936	-2.5956	-1.1485	-3.8666	2.6029	-0.6528	-0.6466	-0.0425	-2.401
-1.4031	0.1522	0.3735	0.2806	-2.8959	-3.0067	-0.9043	-3.6036	2.7063	-0.3952	-0.0324	-0.6788	-2.1106
-0.1731	1.6107	1.5931	1.5995	14.0468	-7.0651	14.6202	-5.781	4.4325	1.576	-1.2937	11.1674	6.0214
-0.5425	-0.7421	-0.8463	-1.747	-2.4293	7.1865	-0.3261	0.6124	-3.9124	-4.3261	-1.1464	-2.6951	5.154
0.1753	0.4225	0.4943	0.4977	-2.0189	5.4387	0.2277	-0.7183	-2.1983	-2.8236	-3.2272	1.0244	2.6789
0.1699	0.3335	0.4295	0.1912	-5.5874	-1.2228	-3.8833	-0.4955	-0.2114	0.5365	5.5269	0.067	0.5532
-0.9751	2.2746	-1.6927	-2.0614	18.0619	36.0503	5.0231	-0.1815	-29.0333	-18.8304	-22.3182	2.3745	10.3509
-0.6532	0.9242	0.9008	0.2852	-0.1914	0.4142	-4.6886	2.569	-3.0933	-0.9064	4.5097	0.0457	-1.2043
-0.9542	-0.1276	-0.0553	0.3524	-1.8356	4.3632	-0.0154	-1.3002	-2.0718	-3.4833	-2.5334	-0.578	2.1317
1.9291	0.6095	0.3013	-0.2181	2.0014	4.4966	0.3098	2.1249	-2.4178	-2.4699	-1.414	2.7349	0.9381
-2.265	0.2558	0.4791	1.6024	0.3443	-9.4724	-0.768	1.2096	3.8007	-0.9761	3.5919	0.9978	-0.0178
-0.8327	-2.085	-1.8625	0.143	-5.5409	-3.0396	-3.6519	-0.7648	-0.0156	-0.8083	7.5339	-1.7749	0.954
-0.3366	1.1785	1.4846	-0.4114	4.8403	2.064	1.24	5.9574	-1.6353	-0.6896	-0.411	-1.6276	1.157
-0.2958	-0.6345	-0.5277	-0.7004	5.7704	1.3782	1.8416	5.9783	-1.8608	-1.4959	0.602	-2.2711	1.4398
-0.0519	0.1392	0.2738	-1.1219	5.3302	1.7646	1.5851	6.2392	-1.7574	-0.579	0.2039	-2.4601	1.2998
0.3416	-0.2357	-0.1654	-0.1833	-2.6372	-2.2897	-0.2359	-2.5074	2.4764	0.537	0.2489	0.7909	-0.936
-3.1708	-1.6117	-1.6437	-1.8676	6.2374	-2.4916	-2.2357	2.516	0.4409	-4.169	-2.8107	-9.6417	-10.6195
-3.0827	-1.7055	-1.8082	-1.9155	6.4059	-2.5718	-2.1602	2.4777	0.4494	-4.2271	-2.7686	-9.5218	-10.6543
-5.2745	-1.9538	-1.7465	-1.7499	5.8527	-3.9222	-2.8037	1.696	0.8992	-5.0424	-2.2249	-12.2438	-11.4524
-1.4402	-2.1986	-2.4071	-2.2327	6.5676	-1.594	-1.4703	3.3938	0.1319	-3.4825	-2.7169	-8.1453	-9.4654
-0.0226	-0.3757	-0.6449	-0.5995	-0.3646	2.5826	-1.4359	-0.5161	-1.7815	-1.5234	-0.9891	-1.2211	-1.4069
-1.2959	0.8006	0.868	0.0824	-1.1046	2.5533	-2.0448	-0.8724	-1.3198	-1.6623	-1.5124	-1.8927	-2.0134
-2.0805	-0.3932	-0.3364	-0.2268	-0.898	1.397	-2.0321	-1.2628	-1.2727	-2.2793	-0.62	-3.49	-2.2417
0.0744	0.7228	0.8297	-0.0593	-1.5375	3.5855	-1.7436	0.0168	-1.5443	-0.8071	-1.5208	-0.7518	-0.9756
0.2892	0.6335	0.9461	0.5132	0.7094	0.8351	-0.1845	1.4664	0.5715	0.9824	-2.3433	-0.2482	-2.7146
0.4026	0.114	0.358	0.2775	0.9978	0.645	0.0476	1.5779	0.5387	1.0715	-2.1121	-0.5175	-2.574
0.4697	-0.0142	0.0556	0.0483	1.4074	0.5627	0.0514	1.3518	0.3204	0.7926	-2.1993	-0.5298	-2.7927
0.1263	-2.1685	-2.2858	0.275	5.4209	-2.5289	3.8067	1.6449	0.7639	1.4089	0.2342	-0.1553	1.1249
-1.3056	0.3019	0.2318	-0.116	-4.9998	-2.456	-4.6091	-1.463	-0.3893	-0.4886	5.5734	-1.7916	-0.9943
-0.9223	-0.5718	-0.4288	-0.4285	-5.5886	-2.5392	-4.2399	-0.6601	-0.0453	0.0871	6.4993	-2.3122	0.0568
-0.7022	0.3531	0.3236	-0.233	-5.2868	-2.1685	-4.4301	-1.0823	-0.3403	0.0338	5.6506	-1.226	-0.3754
0.5037	-0.611	-0.9149	-0.7538	-4.5845	-1.7627	-3.7816	-0.5238	-0.7649	0.3373	5.9624	-0.5683	0.2829
-0.2905	0.2312	0.1154	-0.2922	-5.0942	-1.9285	-4.3185	-0.874	-0.5107	0.0566	5.6975	-0.8031	-0.2305
-0.7285	0.3743	0.6036	0.2286	2.1602	2.3505	1.5941	0.7543	-1.1604	-0.7977	-2.5137	-0.8782	0.7472
-0.7237	1.0545	1.2054	0.3952	2.2356	2.6803	1.4075	0.5048	-1.3558	-0.7608	-3.1135	-0.43	0.4011
-0.7672	0.8532	0.9927	-0.6227	2.255	2.1638	1.4292	0.764	-1.0788	0.0481	-2.9776	-1.8388	0.279
-0.4708	0.809	1.0541	1.5767	-2.4221	5.7016	-0.1378	-1.2525	-2.236	-3.8891	-3.2921	1.7085	2.6408
-0.7269	0.3661	0.3742	3.5817	11.6491	-4.9468	0.5471	4.7094	1.4572	-9.8368	-1.1023	5.0158	-8.0167
0.5333	0.433	0.2648	-0.2429	-0.8392	3.6624	-1.4874	-0.1217	-1.8872	-1.0982	-1.5203	-0.1305	-0.977
-0.776	1.2314	1.3335	-0.1	-1.4313	2.8546	-2.1001	-0.4905	-1.237	-0.8828	-1.6317	-1.4996	-1.8446
-1.0752	0.8613	0.9078	-0.6007	-1.2248	2.5136	-2.1055	-0.5564	-1.2926	-0.8485	-1.4839	-2.6535	-2.0978
-1.1793	0.6067	0.6545	-0.5255	-1.2318	2.3011	-2.1036	-0.6821	-1.2516	-1.1374	-1.369	-2.6792	-2.1391
0.0045	1.5862	0.9669	1.3677	5.9218	16.477	-11.6125	8.59	-13.5555	-10.7056	1.7862	-0.21	-7.4896
-0.1453	-1.655	-2.268	-1.1564	-3.2985	-3.2039	-3.5888	-1.2487	-0.896	-0.5667	6.4474	-1.6871	-0.4957
-1.4153	-1.9756	-1.8741	-1.1544	-5.3179	-3.8969	-3.8694	-0.8062	0.2204	0.1036	7.6543	-4.1924	0.1629
-0.8498	-1.9097	-1.9017	-1.6439	-4.9958	-3.6466	-3.6723	-0.3623	0.1379	0.7402	7.4644	-4.1406	0.3132
0.0087	-0.8505	-0.778	-0.1465	-2.5026	-2.6655	-0.0308	-2.7523	2.5476	0.145	0.3389	0.1994	-0.9949
0.008	-0.234	-0.1462	0.2558	-2.6613	-2.2944	-0.2413	-2.9581	2.4964	0.0034	-0.0736	1.017	-1.1723
-2.0984	-0.7497	-0.3739	-0.2574	-5.9378	-3.2776	-4.2133	-1.1643	0.4024	-0.1226	6.5615	-3.8036	-0.1385
-1.8819	-0.9173	-0.4673	-0.3148	-6.2893	-3.3127	-4.2621	-0.8364	0.5237	0.1417	6.9372	-3.7855	0.1903
-2.0819	-1.4014	-1.7702	-0.1137	9.4024	-1.5778	5.1384	-1.4094	0.0936	-4.1049	-3.335	-0.9122	-1.4758
-2.1782	1.0857	1.0862	1.0147	-3.1785	0.3658	-1.9671	-8.4624	2.2202	0.7101	-3.2938	-1.6196	-7.202
-1.2617	0.7745	0.6238	0.7067	-2.7495	0.6829	-1.5872	-8.0628	1.9891	1.0819	-3.3352	-0.9166	-6.9234
1.5116	3.3948	0.4691	0.8066	0.6667	21.1761	4.5901	-9.6635	-7.9944	-5.0131	-26.3813	0.5068	4.5866
0.1962	0.2212	0.232	-0.862	-1.1835	3.2924	-1.4077	0.2651	-1.5205	-0.3244	-1.3956	-1.7159	-0.8474
-0.1896	0.8423	0.8267	-1.0595	-1.2331	3.2959	-1.7992	0.0632	-1.5825	-0.1344	-1.7674	-2.3248	-1.5183
-0.0905	1.1887	1.1547	-0.5898	-1.2134	3.6002	-1.8372	-0.0474	-1.5775	-0.5022	-2.0518	-1.3889	-1.4949
1.3205	-0.8761	-1.0071	-0.227	-2.0149	-2.0506	0.3964	-2.4277	2.1396	0.4573	0.374	1.9863	-0.4328
0.9387	-1.4454	-1.5782	-0.1265	-1.9661	-2.4107	0.3066	-2.5434	2.1446	-0.1354	0.7164	1.515	-0.488
-0.338	-0.959	-0.7335	0.0105	-2.8172	-2.8915	-0.1708	-2.6997	2.7583	-0.0346	0.8747	-0.0199	-0.8577
1.8805	-0.1373	-0.0414	-0.0518	-2.7406	-1.1	0.4467	-1.7452	2.3798	1.2755	-0.0371	2.7389	0.1312
0.2696	1.7901	2.0203	0.3328	4.0866	0.2233	2.8183	0.9667	1.5839	1.588	-5.5731	0.469	-2.2068
0.2401	1.6963	1.8615	0.1741	4.2517	0.0056	2.8673	0.9209	1.5806	1.5714	-5.5345	0.2397	-2.3563
0.2676	1.3133	1.509	2.3788	-4.1996	-4.8697	-1.6591	-10.2724	3.9482	3.5284	3.8428	7.3169	-4.4965
0.4809	1.0666	1.1714	0.5022	-2.2233	6.1559	0.1628	-0.5465	-2.3058	-2.4681	-3.6225	1.3945	2.8433
0.1566	-0.0236	0.1319	0.4037	-2.3546	5.3448	0.2431	-0.5877	-2.1398	-2.8569	-2.8006	0.6012	3.0455
1.0902	-0.1711	-0.1077	0.2762	-2.2366	5.9573	0.4909	-0.1461	-2.4059	-2.5454	-2.7933	1.5857	3.6254
1.5066	-1.077	-0.9853	0.1827	-2.237	5.8986	0.9724	0.2891	-2.3697	-2.5681	-2.2083	1.5429	4.2574
-0.5116	-0.5951	-0.5745	0.9946	-1.0237	3.1323	-1.4207	-0.9627	-1.8829	-2.7936	-0.9035	-0.0378	-0.8858
-0.5556	0.1483	0.2062	1.2472	-1.1709	3.6043	-1.5798	-1.039	-1.936	-2.7595	-1.5115	0.3414	-1.0838
-0.4604	0.3536	0.26	1.1151	-0.7999	3.6335	-1.6634	-1.2157	-2.1134	-2.7624	-1.765	0.5585	-1.4072
1.2498	-0.6068	-0.7737	-0.5174	4.5023	3.9798	6.2603	0.4572	0.1827	2.0846	-10.0323	-0.932	0.7754
0.7882	-0.9408	-0.9023	-0.1693	3.912	3.813	6.1862	0.3413	0.4634	1.7948	-9.6083	-1.3039	0.9953
0.1926	-1.1251	-1.0447	-0.1571	3.8476	3.3534	6.0238	0.1521	0.6337	1.5626	-9.3621	-2.1238	0.7675
0.4912	-0.8657	-0.8564	-0.147	4.1184	3.4773	6.1145	0.0949	0.5058	1.6761	-9.7862	-1.6701	0.6073
0.6799	0.2888	0.2754	0.1431	4.1408	4.0635	5.8513	0.0585	0.3909	1.9017	-10.5273	-0.6122	0.2622
0.4134	0.294	0.3253	0.2225	3.9085	4.0852	5.7547	-0.1086	0.419	1.7115	-10.6406	-0.8969	0.2831
0.9205	0.2557	0.1678	0.3514	4.169	4.2808	5.8061	0.0022	0.2512	1.6251	-10.4597	0.0185	0.3718
0.6377	-1.6994	-1.912	-0.5524	4.8778	3.0884	6.3723	0.1788	0.2473	1.3987	-9.1532	-1.8627	0.7297
0.4959	-0.108	-0.153	0.0397	4.1738	3.8301	5.8261	-0.0591	0.3534	1.6194	-10.2637	-1.0079	0.2242
0.3094	-0.5831	-0.2272	-0.2454	3.2018	3.6491	5.9869	0.7892	1.0088	2.5101	-9.4536	-2.4083	1.0874
-0.2493	-0.8226	-0.7639	-0.1747	4.1202	3.0719	5.8777	-0.1703	0.6587	1.4653	-9.7367	-2.5865	0.1575
0.5671	0.1711	-0.0002	0.3255	4.5339	4.0123	5.7563	-0.367	0.0937	1.2146	-10.6646	-0.3366	-0.0418
0.3571	0.0578	-0.2427	0.2875	-1.0788	5.2255	0.1471	-1.1247	-2.7147	-3.4641	-3.0777	1.3344	2.277
0.8072	0.5866	0.6092	0.1853	1.4803	0.9992	-0.0589	1.532	0.2192	0.9295	-2.6275	0.2793	-2.8596
0.1155	1.0232	0.9074	-0.0606	5.2036	-0.3965	3.0295	0.447	1.2893	0.886	-5.4587	0.0222	-2.7624
-0.752	0.1666	0.0819	-0.7065	-0.784	2.3987	-1.7212	-0.4502	-1.5058	-1.1919	-1.266	-2.4283	-1.7315
0.9438	1.8385	0.7779	-1.0792	6.9143	16.1897	-11.297	9.5695	-13.4907	-8.5403	1.7337	-2.0042	-7.6369
0.1995	1.8512	0.8326	-1.3471	6.8601	15.3995	-11.5437	9.3169	-13.2505	-8.507	2.0068	-3.2474	-8.081
1.2954	-1.2484	-2.1714	-0.0008	7.0171	3.2991	6.3797	-1.1379	-0.8776	-0.1037	-10.1851	0.994	-0.5877
0.4784	0.5388	0.6737	1.1682	-8.4767	17.8228	-9.0755	7.8661	-13.093	-12.6785	0.9012	1.5192	9.0431
0.4497	0.6712	0.8211	0.9935	-8.5993	17.7714	-9.2052	7.9719	-13.0502	-12.5024	0.9056	1.3535	9.0033
0.7485	0.2606	0.3268	1.0493	-8.3854	17.8498	-8.9988	7.9898	-13.2208	-12.7279	1.0677	1.7302	9.2174
-3.5858	0.2057	-0.0224	-2.3615	6.6047	-2.3195	-2.863	1.989	0.3219	-3.6324	-4.3599	-10.1397	-12.2219
0.372	0.4588	0.7496	-0.7	-8.6805	-2.7513	-10.7482	6.3444	-2.4143	-0.88	13.6642	-0.7865	2.022
0.3829	-0.2958	0.1475	-0.8631	-8.9915	-3.0162	-10.5456	6.7062	-2.1883	-0.7718	14.3044	-1.4328	2.4928
1.5379	-1.162	-1.3631	-4.1327	22.8975	-1.2079	19.1777	10.4885	2.0419	15.2022	-10.3947	-5.6166	5.9252
-0.7543	1.1777	1.0049	-0.0313	0.25	0.0736	-4.8289	2.3685	-3.2077	-0.8307	4.4754	-0.2745	-1.6218
-1.4771	-1.0008	-0.9226	-0.2945	-0.3441	-1.2412	-4.606	2.6557	-2.7486	-1.4538	6.2493	-2.2962	-0.9646
-1.5528	-0.2771	-0.2715	-0.1472	-0.0624	-0.9217	-4.7283	2.2886	-2.8883	-1.5204	5.4968	-1.9143	-1.4228
0.0721	1.1963	1.4721	-1.0969	4.8113	2.1537	1.444	6.3771	-1.5477	0.2532	-0.3977	-2.0745	1.2362
-0.3275	1.4538	1.7884	-1.0198	4.493	2.1889	1.1559	6.1853	-1.6	0.0641	-0.5123	-2.5063	1.0386
-0.174	1.1874	1.473	-0.9634	4.7041	2.2426	1.3929	6.1807	-1.6606	0.0227	-0.4045	-2.3434	1.2197
0.3689	1.3927	1.6373	-1.0918	4.6871	2.5457	1.377	6.4552	-1.7648	0.3422	-0.5932	-1.7332	1.2982
0.656	0.4411	-0.4888	-0.4494	9.2117	9.1845	3.9776	-1.6891	-5.7806	-8.0739	-13.8015	3.4158	-2.1699
-0.6926	0.2718	0.4595	-0.08	-1.0423	1.6461	-1.1439	1.7375	-0.8001	0.0396	0.7978	-2.4483	0.8234
-0.8452	-1.0109	-0.9603	-0.5744	-0.5038	0.817	-0.8663	1.6162	-0.8753	-0.3875	1.5054	-3.3571	0.8546
-0.5525	-0.1028	-0.0826	-0.4063	-0.5848	1.4096	-1.0762	1.5687	-1.0475	-0.1382	0.8449	-2.5984	0.5961
-1.0658	-0.7555	-0.6393	-0.43	-0.6942	0.904	-1.1015	1.524	-0.8675	-0.5303	1.4593	-3.4677	0.673
0.9993	-0.7766	-0.8916	-0.6606	-0.3795	2.0594	-0.423	2.4098	-1.2308	0.4042	1.3201	-1.1071	1.8389
-1.866	-0.6729	-0.3718	0.6709	-1.1414	0.8369	-1.3585	0.8926	-0.7721	-1.5643	1.5304	-2.9888	0.5611
-0.5152	-0.3618	-0.3678	-0.427	-0.5577	1.3258	-1.0565	1.5862	-1.0662	-0.2703	1.1733	-2.5448	0.7898
-0.4412	-1.44	-1.4893	-1.0063	-0.1746	0.8355	-0.6112	1.8294	-0.9669	-0.1893	1.7172	-3.5081	0.9804
-0.9085	-1.6245	-1.6019	-0.6982	-0.1825	0.45	-0.6899	1.5633	-0.8931	-0.5915	2.0168	-3.716	1.0137
-1.1415	-0.5354	-0.3501	-0.2992	-0.9819	1.0313	-1.1765	1.4986	-0.7622	-0.4273	1.3836	-3.4461	0.7084
-0.5665	-1.2294	-1.144	-0.5633	-0.5949	0.8723	-0.7254	1.8121	-0.8175	-0.2964	1.8667	-3.1682	1.1394
0.3903	-1.2424	-1.3386	-0.3772	-0.2008	1.7502	-0.4696	2.1028	-1.3293	-0.3662	1.5501	-1.5493	1.6471
-0.1657	-0.8116	-0.861	-1.4213	-0.5351	1.1731	-0.8112	2.2157	-0.9281	0.6587	1.4823	-3.6975	1.0772
0.6252	0.8423	0.8941	1.6944	13.8761	-6.9178	15.0597	-5.2064	4.5351	1.8167	-0.8717	11.9299	6.802
0.0946	0.0556	0.0028	1.3534	4.6439	3.6806	5.8548	-0.5958	0.3465	0.3303	-10.281	0.574	0.0879
-0.0747	0.1235	0.1027	1.8059	4.4796	3.876	5.6427	-0.9587	0.1801	-0.2039	-10.2406	1.1215	0.065
-1.2341	1.0631	1.2516	3.4382	4.0383	4.0507	4.9744	-1.9921	0.1504	-1.7355	-10.8189	2.1901	-0.654
0.6602	-0.6696	-0.7176	1.4837	4.6253	3.9226	6.1866	-0.3225	0.1695	0.0692	-9.8265	1.3409	0.7884
0.4311	0.2443	0.1575	1.7425	4.6624	4.1884	5.8666	-0.701	0.109	0.0995	-10.5211	1.7048	0.2137
0.007	-0.2287	-0.2556	1.4827	4.5021	3.5617	5.7758	-0.7228	0.3359	-0.0075	-9.9125	0.6213	0.1481
-0.365	-0.1725	-0.2738	0.8663	-13.0394	-6.6898	-5.3046	-6.6613	2.9742	-0.4356	10.7795	2.9604	2.6678
-0.4035	-0.1651	-0.2356	0.9549	-13.0367	-6.6575	-5.2842	-6.8028	3.0508	-0.5196	10.4761	3.0122	2.4999
0.5491	-0.2621	-0.3093	-0.3393	-9.1634	-5.7923	-0.6222	-3.2342	2.4826	6.1691	7.2025	0.9541	7.3898
0.7405	-0.5092	-0.7327	0.039	-8.7258	-5.6604	-0.5171	-3.7414	2.1294	5.3782	7.0995	2.0151	7.2938
0.4873	0.7512	0.6648	0.2977	-9.1936	-5.229	-0.9415	-3.7308	2.2289	5.7171	6.3993	2.1529	6.9751
0.4357	0.3988	0.3809	0.3813	-9.3292	-5.2673	-0.8826	-3.6805	2.3006	5.6607	6.6578	2.0432	7.1156
0.4641	-0.3898	-0.3803	0.0084	-9.3326	-5.646	-0.6069	-3.4531	2.3955	5.8162	7.2793	1.2555	7.5647
1.2377	-0.0746	-0.3051	0.0873	-8.8044	-5.0487	-0.5372	-3.46	2.0079	5.7188	6.7977	2.7157	7.4175
-0.2489	-0.29	-0.4093	-0.1076	-8.8141	-6.407	-0.9243	-4.0909	2.3882	5.3719	7.1488	0.5763	6.5583
0.5319	1.3087	1.4368	1.3819	-19.0293	-9.5997	-15.4011	-2.079	8.3409	1.9281	7.8243	-2.245	-9.841
0.1281	1.7982	2.0754	2.1739	0.9723	1.554	-0.6254	0.5986	0.1829	-0.4194	-3.4642	2.3407	-3.4507
