"Trait1"	"Trait2"	"Trait3"	"Trait4"	"Trait5"	"Trait6"	"Trait7"	"Trait8"	"Trait9"	"Trait10"	"Trait11"	"Trait12"	"Trait13"
3.3736	0.0941	0.0985	0.0928	19.064	12.0287	10.1984	5.9716	13.8111	8.1535	16.0049	7.3495	9.231
0.5964	0.0884	0.0889	0.0964	1.5349	2.5361	1.4495	1.0019	1.3473	1.2519	1.8458	1.7822	2.3483
0.5914	0.0911	0.0944	0.0992	2.8967	4.0463	2.4774	1.3944	1.9089	1.7131	2.297	1.6779	2.0396
0.615	0.0885	0.0954	0.0946	2.8621	4.1111	2.1602	1.497	1.9569	1.5874	2.0408	2.1116	2.0336
0.0992	0.6386	0.6653	0.0985	3.2462	2.4771	2.2136	3.655	1.444	2.2692	3.1478	1.5938	3.3457
0.6075	0.0924	0.092	0.0964	2.71	2.256	1.7258	1.6911	2.324	1.8319	2.8932	2.2299	1.7094
0.6009	0.0909	0.0913	0.1001	2.0407	2.0594	1.8838	1.6278	1.223	1.5559	2.6652	2.1381	1.2519
0.0958	0.0905	0.0974	0.5384	2.1498	1.6625	2.1091	1.4966	1.324	1.3177	3.2555	2.1033	1.4809
0.095	0.091	0.0935	0.4297	2.6084	3.1523	1.5409	2.1965	1.9043	1.2943	2.5198	1.3661	1.7758
0.0987	0.5087	0.5164	0.0896	2.5464	3.148	1.4803	2.2486	1.9625	1.2849	2.7834	1.2348	1.8208
0.0978	0.0868	0.0921	0.5119	7.4794	7.3676	3.4651	6.8722	3.3159	4.1427	4.2591	7.4446	5.4953
0.1005	0.0951	0.0963	0.438	4.2609	3.5562	2.8125	2.3202	2.1206	2.9822	6.724	2.5833	5.5229
0.5567	0.2697	0.0966	0.0952	4.1165	3.6189	2.6236	2.4047	1.9738	3.0406	6.6516	2.5345	5.5825
0.634	0.0981	0.2735	0.094	1.9824	2.507	1.2449	1.5722	2.0127	1.2867	2.1309	1.3686	1.4744
0.0918	0.0908	0.0886	0.4413	2.6604	3.4797	3.0029	3.5636	1.7502	2.7735	6.2226	2.4758	2.869
0.5121	0.0898	0.2662	0.0977	2.6964	3.581	2.4616	3.528	1.7167	2.8284	6.2826	2.8285	3.5272
0.0968	0.267	0.0978	0.0921	2.7383	3.3852	2.5911	3.6693	1.8204	2.6215	6.3361	2.7514	3.2149
0.0991	0.0953	0.2744	0.092	2.6034	3.6794	2.8487	3.5385	1.7231	2.5858	6.4711	2.616	3.0337
0.5111	0.0925	0.0927	0.0936	1.8157	1.7449	1.7308	1.483	1.1392	1.0135	3.1426	1.3165	1.2754
0.0997	0.0973	0.2656	0.4622	1.9474	1.8711	1.5629	1.5438	1.1282	1.0771	3.2144	1.1651	1.4202
0.0917	0.0908	0.096	0.5124	7.5858	7.2596	3.3942	6.498	3.256	4.1927	4.3548	7.1459	5.0876
0.0987	0.2779	0.0985	0.0887	7.1301	4.4882	3.412	3.0626	1.9635	1.9542	3.0454	2.3228	4.4306
0.5254	0.0925	0.292	0.097	7.132	4.3846	3.4864	2.9508	1.8743	1.8576	3.1218	2.2944	4.5347
0.6556	0.0958	0.0961	0.5281	2.3176	3.8683	1.9782	1.78	1.9733	1.6045	2.1121	3.0284	2.2075
0.0916	0.6718	0.7015	0.0999	2.6387	3.6206	1.8193	1.4892	2.8367	1.3802	3.2204	1.6256	3.3724
0.6011	0.0893	0.2924	0.5174	2.6463	3.7595	2.2473	1.6088	2.0524	2.1175	2.4976	1.8454	2.3619
0.0939	0.1015	0.2549	0.094	1.6801	2.3493	1.4045	1.223	1.8617	1.6546	1.9135	1.6696	2.2235
0.548	0.0939	0.0918	0.0943	1.5806	2.6047	1.2778	1.0564	1.6539	1.4071	1.8335	1.9295	2.0905
0.0991	0.2962	0.0952	0.0981	5.1434	5.3414	2.0524	3.6354	3.0659	3.0025	3.7224	3.0775	4.8372
0.0972	0.0867	0.0873	0.5069	2.5404	3.9279	1.9132	1.4794	1.9077	1.7046	2.3495	2.1742	1.874
0.0934	0.0963	0.2811	0.0912	2.7251	1.9443	3.8099	1.5227	1.4923	1.7894	6.4634	2.5604	2.0946
0.0986	0.0985	0.2827	0.1044	2.7787	1.9527	1.704	1.6315	1.182	2.3863	2.4167	1.3768	1.9706
0.0952	0.2854	0.1014	0.1023	3.7729	2.5395	1.9008	3.1428	1.3726	1.687	3.2638	1.9432	3.247
0.6057	0.0955	0.3068	0.097	1.8607	2.9209	1.4491	2.312	1.8481	1.3157	1.9051	2.1348	1.6905
0.6006	0.0967	0.0972	0.0963	1.5478	2.8168	1.312	1.8821	1.9849	1.2305	1.7221	1.7699	1.5622
0.559	0.0918	0.09	0.0913	1.6352	2.7644	1.3911	1.6646	1.9524	1.231	1.8756	1.759	1.4886
0.0949	0.0946	0.0949	0.4089	1.7457	2.4623	2.0867	1.2802	1.7742	1.9692	2.1144	1.339	2.2467
0.1	0.0993	0.2499	0.0988	1.9317	2.3835	2.3643	1.4244	1.8933	2.1183	2.106	1.4281	2.4049
0.7103	0.6238	0.6099	0.0918	2.4272	2.6648	1.6034	1.3632	2.006	1.5864	3.0367	1.6572	2.0186
0.0912	2.9102	2.9809	0.0966	15.5863	14.1804	9.107	8.1946	7.1678	8.3182	22.965	7.5683	11.0779
0.6218	0.0921	0.2982	0.0961	2.0055	1.7427	1.6619	1.4978	1.2133	1.1745	3.1714	1.4903	1.4355
0.5856	0.088	0.0898	0.1006	1.828	2.8732	1.8362	1.0575	1.3726	1.2535	1.6466	1.5246	2.22
0.1021	0.2495	0.0973	0.0933	1.9437	2.9303	1.7968	1.0523	1.3474	1.2992	1.875	1.5048	2.4384
0.5867	0.0894	0.0985	0.0958	1.9124	2.7199	2.025	0.9706	1.3713	1.3748	1.8936	1.3982	2.4652
0.0921	0.1018	0.8613	0.1017	10.2664	10.4554	7.5504	5.467	8.5328	10.3557	17.1603	7.8838	9.3924
0.0995	0.089	0.0879	0.5369	4.8777	5.589	2.5752	3.638	3.2364	3.1248	3.3242	3.3898	5.17
0.0987	0.0986	0.269	0.0881	2.714	2.0324	3.6848	1.732	1.6831	1.7208	6.379	2.1921	2.2749
0.6917	0.0963	0.0907	0.0955	6.9448	4.2469	3.4706	3.0136	1.8271	1.8385	2.9376	2.6507	4.0915
0.0947	0.1006	0.1049	0.5346	1.7973	3.4275	3.4517	3.6621	2.3221	3.0231	2.3368	4.2287	5.426
0.0922	0.258	0.0959	0.0965	1.7035	2.3334	1.9256	1.7868	1.3574	1.5122	2.4093	1.8368	2.3414
0.0999	0.2723	0.0925	0.4341	1.713	2.1648	2.1264	1.7618	1.3562	1.6771	2.1507	2.2732	2.3691
0.5108	0.1034	0.2927	0.0939	1.7027	2.2504	1.6154	1.6619	1.3071	1.4214	2.2704	1.7008	1.5837
0.0944	0.3082	0.0981	0.0942	4.6225	3.4242	3.0428	2.3291	2.2531	3.1454	6.9392	2.7292	5.5203
0.0885	0.1033	0.2993	0.509	2.9354	2.6935	1.8762	1.9434	2.2611	1.3564	3.1168	1.2897	2.0719
0.6087	0.2772	0.0915	0.5116	1.7959	2.7364	1.2389	1.4961	2.1209	1.4567	2.0657	1.6326	1.5203
0.1016	0.3013	0.0958	0.0967	1.7437	2.4175	1.5122	1.172	1.697	1.4403	1.7765	1.9058	2.5879
0.0971	0.3139	0.0984	0.4895	2.7832	3.4568	1.922	1.4756	2.3065	1.8333	2.2241	2.4002	2.3646
0.0902	0.0926	0.3005	0.0964	7.2392	4.5335	3.2894	2.9674	1.9763	2.1118	2.8362	2.3161	4.0048
0.0973	0.0929	0.2422	0.0976	1.649	2.3224	1.4853	1.1674	1.8178	1.7245	2.0116	1.2585	1.7596
0.4915	0.0905	0.0981	0.0979	1.6568	2.5231	1.5878	1.0077	1.7169	1.6148	1.8285	1.4318	1.8424
0.0901	0.0987	0.3075	0.0918	5.304	7.3192	5.4393	2.5366	5.8754	5.74	6.0492	2.714	2.578
0.0947	0.3206	0.0889	0.0941	3.4947	2.3241	3.1265	3.9351	1.3992	2.3405	3.9123	2.6616	7.0353
0.568	0.0964	0.0939	0.0938	1.6363	2.1653	1.8796	1.569	1.2362	1.5364	2.4199	1.7918	1.4479
0.0925	0.278	0.105	0.4338	1.948	2.7558	1.2886	1.4944	2.2404	1.3781	2.0583	1.4038	1.5709
0.0924	0.0882	0.284	0.0978	1.9202	2.8119	1.2873	1.4701	2.2378	1.247	2.1267	1.2602	1.4426
0.1003	0.3027	0.1097	0.0909	1.8948	1.9812	1.6377	1.4954	1.2151	1.2845	3.0226	1.4447	1.3554
0.1015	0.26	0.0959	0.4545	1.9172	1.7019	1.5485	1.5647	1.3506	1.224	3.0496	1.1872	1.3936
0.5166	0.0929	0.0913	0.0986	1.8394	1.6554	1.5105	1.5297	1.199	1.0886	3.0162	1.1451	1.331
0.4983	0.2506	0.0944	0.0952	2.0478	1.6299	1.8542	1.532	1.3095	1.1321	3.1447	1.4439	1.4416
0.5037	0.0926	0.0914	0.0978	1.9625	1.5093	1.7008	1.5632	1.2009	1.0931	3.0371	1.3041	1.2918
0.6714	0.0907	0.0969	0.0962	4.6094	2.3538	2.7343	5.1623	1.6812	2.5749	2.9523	2.8669	2.7304
3.8691	0.0938	0.0976	3.4487	8.721	21.3516	7.9635	9.269	8.5871	4.8034	19.7076	9.0015	7.4009
0.6108	0.0954	0.0888	0.0972	1.9564	2.0305	1.4107	1.2394	2.4535	1.7846	2.5593	1.5307	1.5043
0.1024	0.5551	0.5683	0.0954	1.9519	2.202	1.5581	1.7101	1.3999	1.429	2.8337	1.6068	1.4276
0.1001	0.0877	0.0927	0.5414	1.7208	2.2532	1.5998	1.2294	1.9068	1.5759	1.8712	1.7096	2.454
0.0941	0.0949	0.2951	0.5554	2.9209	2.0272	1.5692	1.6284	1.2658	2.1924	2.1834	2.4095	2.7535
0.0943	0.0891	0.091	0.5122	8.8074	13.2955	3.6775	4.5693	7.7101	2.5995	7.5225	3.5174	5.6128
0.0967	0.0933	0.1003	0.4904	9.0553	13.558	3.9133	4.6228	7.8073	2.8529	7.4839	3.8173	5.5109
0.096	0.3297	0.0939	0.0959	7.1775	3.7581	4.8922	4.4702	1.9691	4.5176	4.2516	2.0475	5.7035
0.0983	0.3301	0.0936	0.0979	7.0209	3.6863	4.4767	4.193	1.9862	4.1826	4.3967	1.932	5.7231
2.1587	0.0929	0.0972	0.097	9.4524	10.0754	4.752	6.381	5.3059	4.836	7.2886	5.251	11.6858
0.6092	0.0949	0.0874	0.0934	1.4667	2.9787	1.2698	1.8338	1.778	1.0405	1.8893	1.6156	1.4736
0.1	0.0946	0.28	0.4238	1.6672	2.9012	1.2618	1.7361	2.0819	1.1875	1.9212	1.5698	1.695
0.5412	0.0966	0.2564	0.0945	1.7666	2.6805	1.3705	1.6368	2.0851	1.346	2.0175	1.5813	1.84
0.0915	0.5268	0.5083	0.1013	1.7185	3.0142	1.4282	2.0467	2.0148	1.1628	1.8102	1.9206	1.8428
0.5282	0.2553	0.0992	0.0985	1.6632	2.8076	1.3183	1.5564	2.0127	1.2677	2.1342	1.338	1.7145
0.5315	0.0933	0.0892	0.0972	1.6132	3.0735	1.4489	2.0671	1.8026	1.1031	1.7538	1.8654	1.8957
0.0996	0.1008	0.2555	0.0914	1.7569	3.1496	1.5392	2.2242	1.7469	1.2022	1.6588	1.6625	2.2714
0.546	0.2557	0.0973	0.0971	1.722	3.0106	1.7774	2.1059	1.9615	1.1541	1.7516	2.1347	2.1204
0.5929	0.0995	0.2888	0.0979	1.8192	2.4479	1.8777	1.2879	1.839	1.8905	1.9519	1.4222	2.3128
0.4922	0.098	0.2442	0.1016	1.6024	3.0123	1.0748	1.4552	2.0676	1.6092	1.5562	1.4932	1.398
0.4991	0.0922	0.0926	0.095	1.4596	2.9559	1.1068	1.4698	2.0939	1.6094	1.5176	1.3841	1.4583
0.096	0.1033	0.2423	0.1	1.7764	2.8021	1.1988	1.4781	2.1385	1.5716	1.5305	1.6648	1.9508
0.5075	0.0901	0.0886	0.3981	1.6319	2.9926	1.1832	1.5855	2.2201	1.4664	1.4078	1.8224	1.995
0.0994	0.0929	0.0921	0.398	1.793	2.7973	1.3513	1.458	2.0805	1.5482	1.5167	1.7586	1.8068
0.5009	0.0905	0.0936	0.0998	1.6655	2.9119	1.1272	1.4912	2.2719	1.5208	1.488	1.7454	1.8787
0.0936	0.0953	0.2367	0.0987	1.773	3.0978	1.264	1.5724	2.1905	1.5534	1.6255	1.7229	2.0536
0.0992	0.0937	0.237	0.0953	1.5496	2.9614	1.053	1.4694	2.0358	1.6494	1.5606	1.2988	1.2982
0.4883	0.0925	0.0924	0.0953	1.9461	2.5857	1.3448	1.435	2.2948	1.7689	1.7717	1.6454	1.7283
0.4538	0.0861	0.0934	0.105	1.5729	2.8235	1.139	1.3854	2.0818	1.6026	1.4815	1.594	1.6396
0.0947	0.0983	0.2371	0.0968	1.846	2.6771	0.9599	1.3746	2.2593	1.8296	1.6017	1.517	1.7139
0.0971	0.2462	0.0946	0.0885	1.7907	2.7905	1.1919	1.5178	2.2947	1.571	1.6382	1.5841	1.7793
0.1002	0.2427	0.0922	0.0983	1.4383	3.0137	1.1952	1.5257	1.9243	1.5614	1.5859	1.4419	1.4721
0.0987	0.2354	0.0943	0.4466	1.7433	2.938	1.1797	1.5448	2.3028	1.557	1.6135	1.807	1.9164
0.0961	0.0926	0.2261	0.092	1.5651	3.0177	1.0456	1.4767	2.1286	1.635	1.5643	1.4118	1.3545
0.0974	0.0944	0.1046	0.3955	1.6685	3.1305	1.1251	1.6382	2.1458	1.5011	1.4815	1.8067	2.0053
0.473	0.0896	0.0894	0.0979	1.612	3.0504	1.1543	1.5911	2.1805	1.3314	1.4387	1.8143	1.9368
0.1032	0.2452	0.1004	0.0945	1.7398	3.0424	1.1229	1.541	2.1204	1.6605	1.6698	1.4136	1.5274
0.0945	0.0979	0.2301	0.0994	1.6342	2.7268	0.9874	1.4146	2.1971	1.5356	1.4408	1.3538	1.5466
0.0988	0.5153	0.5069	0.0994	1.7064	2.6791	1.1155	1.4096	2.3102	1.7141	1.5356	1.539	1.6944
0.0961	0.0989	0.2213	0.0938	1.4874	2.4936	0.9813	1.354	2.2254	1.5051	1.4912	1.4573	1.416
0.0966	0.2393	0.0979	0.0957	1.9147	2.9253	1.1332	1.4904	2.2907	1.6856	1.6695	1.6047	1.7401
0.0993	0.5048	0.4891	0.1007	1.8323	2.9409	1.1487	1.4089	2.2466	1.6669	1.6579	1.5048	1.6361
0.5983	0.0915	0.0926	0.0945	1.6704	2.2385	1.9021	1.4287	1.8736	2.0009	2.175	1.0881	2.4915
2.1195	0.0948	1.159	0.0972	8.691	5.7652	7.0396	4.7165	3.2151	4.9529	9.7083	4.8665	7.2471
0.6323	0.0894	0.0976	0.5561	1.7163	2.4345	1.7341	1.1517	1.5859	1.7651	1.8871	1.5571	2.299
0.0984	0.0922	0.2714	0.439	1.6097	2.5168	1.6586	1.0931	1.8499	1.691	1.7927	1.4788	1.9024
0.4935	0.2672	0.0972	0.0963	1.6117	2.4798	1.7836	1.0235	1.814	1.7095	1.9042	1.4274	1.949
0.0975	0.2493	0.0916	0.0948	1.6119	2.622	1.5383	1.0405	1.8011	1.6533	1.9789	1.3381	1.7851
0.457	0.0916	0.0861	0.1033	5.3681	7.2739	5.7456	2.566	5.6719	5.7978	5.8748	2.8215	2.4893
0.0943	0.5181	0.5211	0.0989	5.3877	7.2597	5.724	2.5233	5.6625	5.6775	5.9006	2.7363	2.3951
0.0977	0.0992	0.3091	0.0956	3.3427	1.9313	3.64	2.0265	2.5576	2.5852	5.2509	1.6007	3.5871
0.0988	0.1008	0.0945	0.5626	12.0446	5.7751	8.534	5.3489	5.6723	3.5527	10.7936	6.0279	3.694
0.6031	0.0992	0.0853	0.0977	2.5148	2.6506	1.7046	1.1798	1.8918	1.5388	2.7732	1.6015	1.9604
0.6089	0.1016	0.2708	0.0897	2.1183	2.8197	1.5238	1.3112	1.9808	1.6018	2.8801	1.5215	2.2862
0.5844	0.0917	0.092	0.0939	2.2895	2.6813	1.5609	1.2102	1.9467	1.4817	2.8991	1.3471	2.0062
0.0925	0.4896	0.5046	0.097	2.8475	4.4374	2.2737	1.6214	1.7948	1.6991	2.272	1.8711	1.7828
0.4814	0.0911	0.0933	0.1025	2.8314	4.282	2.356	1.4793	1.8999	1.7356	2.1679	1.807	1.8703
0.1	0.1017	0.3188	0.5458	4.9128	7.4174	2.6965	3.0899	4.0096	3.3186	2.5495	3.2934	5.8246
0.7141	0.1004	0.0899	0.5282	7.2367	4.534	3.7072	2.9657	1.9086	2.2306	2.6428	2.6124	4.2049
0.0971	0.0978	0.292	0.091	1.8111	2.5596	1.3926	0.9672	1.5693	1.5499	1.7988	1.4797	1.8443
0.5762	0.091	0.0924	0.0936	1.9783	2.619	2.1345	1.0596	1.7497	1.6296	1.7789	1.3077	2.2108
0.1002	0.3335	0.0977	0.0902	2.747	4.6123	2.7567	5.4795	2.9966	4.6592	4.3355	5.659	3.5403
0.0961	0.1011	0.2917	0.5197	1.8405	2.2054	1.7629	1.0648	1.5831	1.6472	1.7363	1.3557	2.2456
0.4956	0.0959	0.0879	0.4884	1.809	2.3801	2.1206	1.1912	1.7575	1.8718	1.9582	1.2817	2.5334
0.1017	0.2846	0.098	0.0994	2.6912	3.6618	1.7845	1.4179	2.9055	1.3372	3.2057	1.4795	3.3636
0.097	0.6133	0.6299	0.0988	2.8547	2.7195	1.853	1.8654	2.2967	1.5126	3.0354	1.2506	2.1623
0.0945	0.0907	0.0938	0.5351	2.8246	3.8976	2.3901	1.4588	1.7917	1.6974	2.0546	1.8335	2.134
0.0966	0.3125	0.0932	0.0949	8.9438	13.3769	3.6334	4.9672	7.8231	2.7701	7.7873	3.6655	5.5046
0.0938	0.0862	0.0888	0.5039	2.7697	3.7742	1.9011	1.4623	2.0642	1.5655	2.0136	2.6523	1.9687
5.8977	1.2095	0.0955	3.9182	15.0345	12.6936	7.4243	5.8394	11.1153	9.5516	12.6738	13.7051	12.5013
0.0983	0.2846	0.0946	0.0962	3.1193	2.1245	1.9735	4.1819	1.6661	2.6036	3.879	1.7933	3.0328
0.5511	0.0991	0.2287	0.095	1.8329	2.2231	1.8767	1.2203	1.7019	1.7214	1.9555	1.3711	2.485
0.0971	0.0936	0.2525	0.1006	1.8795	2.273	1.6666	1.1412	1.6284	1.4765	1.7147	1.4612	2.4688
0.5661	0.0899	0.0904	0.0994	1.7559	2.3721	1.6421	1.0533	1.5065	1.4654	1.7913	1.5251	2.3102
0.6499	0.0857	0.0955	0.0969	2.3986	3.499	2.0498	1.6049	1.8705	1.8714	2.5271	2.3733	2.1346
0.1016	0.0883	0.3134	0.0959	6.6748	5.2361	4.9173	2.5234	3.8424	2.4874	3.6722	1.6684	2.2046
0.6214	0.0943	0.0927	0.0928	2.9359	2.271	1.7825	1.7312	1.3072	2.1692	2.024	1.4683	1.9995
0.0941	0.0856	0.0867	0.5169	1.7588	1.657	1.8028	1.4532	1.1275	1.2197	3.0272	1.718	1.3068
0.0917	0.0947	0.0924	0.5145	1.7094	1.6147	1.6521	1.4887	1.1238	1.1663	2.9514	1.4899	1.267
0.5964	0.3088	0.101	0.0983	1.8579	3.1651	1.3408	1.8916	2.0164	1.3834	1.963	1.7456	1.7112
0.0969	0.6092	0.6057	0.0973	1.7946	1.7623	1.6138	1.3771	1.2412	1.1527	2.7607	1.4021	1.3873
0.5585	0.2697	0.0984	0.0973	1.91	1.6715	1.7746	1.5675	1.2087	1.1649	3.2345	1.623	1.5263
1.8908	0.0967	0.0924	0.1012	8.2164	16.2779	11.953	3.8442	13.4917	10.2922	7.9852	5.993	10.0179
1.8901	0.2816	0.095	0.0944	8.1151	16.4225	11.7019	3.8009	13.5649	10.1658	8.0958	6.1058	9.9663
0.1005	0.1028	0.0953	1.3134	8.4243	5.8848	4.4388	4.6582	3.6461	4.1436	3.9628	5.0243	3.8518
0.097	0.2952	0.1006	0.091	1.9702	2.0746	1.5707	1.5413	1.4059	1.376	2.8974	1.4884	1.5246
0.0929	0.6247	0.6187	0.0943	2.9408	2.1056	1.7382	1.7971	1.2935	2.2935	2.3311	1.6237	2.2088
0.5501	0.092	0.0881	0.5147	1.7599	1.6402	1.7289	1.6307	1.1591	1.1011	3.3899	1.7527	1.4756
0.0961	0.5492	0.5494	0.4916	1.9033	1.5847	1.7863	1.5735	1.1546	1.0867	3.205	1.6854	1.501
0.4932	0.0871	0.0891	0.0995	1.5693	2.8433	1.2757	1.5243	2.0616	1.0079	1.9082	1.5607	1.5162
0.0961	0.2632	0.0958	0.095	1.7681	2.8191	1.2535	1.505	2.1841	1.0464	2.0273	1.4089	1.6085
0.096	0.0992	0.3145	0.517	3.3564	1.9379	4.2107	1.9752	2.4928	2.5266	5.2325	1.8543	3.7797
0.5531	0.0988	1.0913	0.0948	8.921	5.6638	4.8068	6.3327	4.5523	4.8261	7.8411	5.3012	7.4979
0.0954	0.5728	1.2727	0.5874	8.9044	5.738	4.8413	6.2623	4.5409	4.9122	7.8942	5.0559	7.208
0.6123	0.0919	0.0973	0.4695	1.5428	1.8123	1.4783	1.4482	1.2253	1.0986	2.9117	1.3913	1.2549
0.0972	0.0953	0.3133	0.0963	3.5119	2.3646	3.2505	3.8497	1.4596	2.2289	3.9178	2.6059	7.5702
0.0983	0.2963	0.0916	0.0913	2.1568	2.6432	1.5958	1.7249	2.2863	1.6714	2.0332	1.7699	2.0797
0.1013	0.277	0.0988	0.0944	1.9308	1.7668	1.859	1.4726	1.197	1.2595	3.111	1.6271	1.3505
0.0965	0.2738	0.0939	0.0992	1.8767	1.6862	1.4626	1.5453	1.146	1.0298	3.0321	1.1211	1.5323
0.0986	0.0945	0.0893	0.4332	2.6548	4.2338	2.5875	5.354	2.9721	4.881	4.1008	5.6275	2.865
0.1001	0.2514	0.0927	0.0967	2.7022	4.1872	2.7213	5.1765	3.1826	5.1894	4.295	5.4438	3.1006
0.547	0.0954	0.0899	0.1004	2.5246	4.2794	2.6706	5.1165	3.1339	5.112	4.3087	5.3076	3.1357
0.0956	0.0887	0.2907	0.0968	2.0802	1.8109	1.8977	1.6302	1.2394	1.4598	2.7856	2.0219	1.3135
0.0974	0.0976	0.0936	0.4709	3.5137	2.8103	2.9226	3.4227	3.3624	3.275	4.0584	3.7876	3.1951
0.098	0.0933	0.2909	0.0943	4.1282	2.856	3.0532	2.9994	3.1672	3.2388	3.9483	3.3259	2.6252
0.0986	0.5684	0.587	0.5424	2.7838	3.7751	2.1792	1.5269	1.9595	2.0731	2.2513	1.7552	2.0896
0.5096	0.286	0.0969	0.1005	2.6932	3.6746	2.2143	1.6151	2.0171	2.0715	2.3825	1.6165	2.0473
0.6194	0.2685	0.0977	0.0943	1.9198	2.8548	2.0295	1.1227	1.58	1.4338	1.8124	1.4294	2.4067
0.0999	0.0925	0.096	0.413	2.374	2.1563	2.1117	1.4423	1.3988	1.6086	3.1206	1.2152	1.8887
0.5102	0.0905	0.0896	0.096	2.3379	2.1839	2.0172	1.2975	1.5008	1.5398	3.0254	1.3054	1.8176
0.0951	0.2371	0.0915	0.1005	2.5664	2.0451	2.2599	1.3135	1.5348	1.669	3.4893	1.3634	2.0568
0.096	0.2788	0.1017	0.096	2.7418	2.1689	2.5136	1.4434	1.6236	1.4785	3.2215	1.547	2.1918
0.0995	0.1024	0.2561	0.0892	2.4729	2.0775	2.092	1.3494	1.55	1.6399	3.2248	1.1712	1.9648
0.4778	0.1039	0.2563	0.097	2.6425	2.0691	2.0048	1.2912	1.6246	1.898	3.3204	1.2884	1.8769
0.0971	0.0971	0.2584	0.4382	2.6626	1.9952	2.4335	1.4144	1.5669	1.4979	3.3282	1.555	2.2385
0.0954	0.0944	0.2865	0.101	3.6385	3.706	2.5486	2.3884	2.3008	1.8792	6.5008	1.5456	2.3518
0.5251	0.0897	0.0987	0.0975	3.58	3.8104	2.5932	2.5266	2.2263	1.7485	6.3732	1.7957	2.3574
0.097	0.2795	0.1018	0.0929	1.5609	2.6151	1.2696	1.0502	1.3296	1.4002	1.997	1.9372	1.9511
0.5948	0.0909	0.0912	0.0966	3.9152	2.7055	2.5599	3.0571	1.5063	1.6678	3.0118	1.3941	3.2256
0.0966	0.0971	0.309	0.5102	2.8824	3.7587	2.4535	1.5894	1.8721	1.8416	2.1828	1.7181	2.1632
0.6531	0.0919	0.0933	0.0967	3.3644	2.5762	2.3245	3.5737	1.4284	2.0937	3.332	1.6462	3.13
4.3761	0.0934	0.0956	0.0965	19.7991	11.8437	7.1299	10.8225	6.4237	8.7318	14.2672	7.2707	5.7781
0.0972	0.0945	0.3041	0.0958	4.7428	7.297	3.1367	3.2601	4.305	3.083	2.5781	2.3262	6.4834
0.6659	0.6037	0.6109	0.0954	2.5973	3.8594	2.9776	3.7388	1.9789	2.634	6.4089	2.5434	3.1136
0.0969	0.6351	0.6343	0.1038	2.8651	1.8724	4.2155	1.5883	1.4569	1.6317	6.7469	2.8862	2.0846
0.0971	0.0928	0.0953	0.4536	6.2667	5.4846	4.6731	2.4863	4.0071	2.8728	3.1143	1.6765	2.0902
0.5186	0.0955	0.0948	0.0972	6.2508	5.1902	4.8723	2.7875	3.8814	2.9404	3.0086	1.7139	2.1176
0.096	0.239	0.1014	0.0988	6.6762	5.5751	5.1001	2.5449	3.9875	2.7958	3.2527	1.6781	2.1908
0.0937	0.526	0.5339	0.098	6.3013	5.3414	4.7453	2.899	4.0179	2.9668	2.9544	1.6619	2.0551
0.0982	0.0892	0.0917	0.4568	6.4316	5.24	5.0175	2.7751	3.8863	2.9191	2.992	1.5794	2.0882
0.1022	0.2419	0.1009	0.0964	6.7151	5.4587	5.2538	2.8271	4.0196	2.9472	3.4238	1.6805	2.2161
0.0957	0.2892	0.1021	0.1004	3.1894	2.0762	4.8421	1.7896	1.7774	1.8495	6.7272	3.0954	1.9047
0.0933	0.2929	0.0975	0.0943	2.8185	2.0957	4.313	1.5117	1.548	1.7218	6.711	2.843	1.813
0.0972	0.0996	0.2673	0.4324	3.527	2.2361	2.7355	3.3579	3.2415	3.3225	3.8599	3.9209	3.6898
0.0918	0.0929	0.0941	0.463	3.5621	2.5134	2.802	3.2244	3.1661	3.3391	3.839	3.8443	3.4671
0.0965	0.0883	0.0839	0.4359	3.4414	2.5742	2.6488	3.0602	3.1083	3.3143	3.875	3.7528	3.3837
0.4866	0.0905	0.0872	0.1005	3.4992	2.497	2.7686	3.2442	3.2345	3.3656	3.8933	3.835	3.4626
0.5408	0.0903	0.0897	0.428	3.5376	2.4399	2.7781	3.1543	3.1077	3.4423	3.7801	3.7063	3.364
0.1005	0.0947	0.2522	0.4657	3.6288	2.4744	2.7616	3.0492	3.0284	3.4372	3.702	3.8191	3.5424
0.5575	0.0981	0.271	0.0984	3.6189	2.477	2.7366	3.1718	3.0927	3.4484	3.7093	3.709	3.652
0.0931	0.2572	0.0974	0.4427	3.531	2.2604	2.6541	3.1432	3.1322	3.3638	3.8506	3.7615	3.4696
0.0971	0.0958	0.2826	0.0951	3.5738	2.4705	2.3893	3.572	1.3576	2.0239	3.1874	1.5132	3.4806
0.0957	0.0956	0.2893	0.0954	5.1446	7.1723	2.8012	3.1396	3.9533	3.3927	2.6859	2.9394	5.6339
0.5909	0.0944	0.0883	0.0919	3.032	2.7666	1.8491	1.7146	2.1974	1.1999	3.1364	1.2114	1.9706
0.0939	0.2731	0.0957	0.0986	1.6742	1.6061	1.562	1.42	1.4018	1.2513	2.9445	1.2532	1.3934
0.5085	0.261	0.0985	0.4862	1.5324	1.6402	1.4783	1.5958	1.3262	1.2584	3.0697	1.4184	1.4497
0.573	0.0941	0.099	0.5369	2.5837	1.9015	1.5373	1.6477	1.2374	2.3014	2.0927	1.7403	2.0729
0.0967	0.0957	0.0945	1.8828	8.3479	8.0602	8.8781	6.4101	9.1645	9.1538	21.8752	7.8485	8.3743
0.1	0.097	0.3017	0.0923	2.6282	3.8386	1.6992	1.3967	2.7699	1.437	3.2813	1.5173	3.5293
0.1014	0.0904	0.3055	0.0988	2.6122	3.5674	1.6217	1.4898	2.7802	1.3781	3.4146	1.4025	3.7305
0.0946	0.2748	0.0947	0.5132	2.3011	2.6131	1.4761	1.5078	2.1655	1.7214	3.2492	1.4808	2.2672
0.6029	0.1025	0.2517	0.0967	1.7804	2.6214	1.7263	1.0211	1.5775	1.5234	1.856	1.5133	2.3267
0.6038	0.2577	0.0953	0.0929	1.7516	2.7192	1.692	1.0559	1.6492	1.5586	1.8765	1.5106	2.3034
0.1004	0.0947	0.2833	0.5023	2.8624	2.1489	4.3042	1.6725	1.5678	1.7983	6.7372	2.7291	1.8501
0.5805	0.0883	0.0892	0.0989	1.7064	1.8228	1.656	1.4913	1.2096	1.3186	2.8166	1.6301	1.3211
0.0981	0.0997	0.2482	0.0968	1.732	1.7154	1.3929	1.4061	1.1745	1.2593	2.7222	1.3408	1.3623
0.1	0.0901	0.0908	0.4691	1.8254	1.5873	1.9965	1.4512	1.1114	1.174	3.0346	1.5805	1.2646
0.4978	0.088	0.0921	0.4537	1.8342	1.5407	1.7966	1.5627	1.0415	1.0951	3.0814	1.4846	1.3596
0.0963	0.2345	0.0988	0.0915	1.9165	1.5359	1.813	1.6707	1.1831	1.0596	3.084	1.1539	1.3261
0.0984	0.2975	0.0938	0.098	2.0961	2.6446	1.9372	1.8183	2.1645	1.1994	1.9837	2.3359	1.9644
0.0965	0.317	0.0946	0.1017	4.856	5.7935	2.9019	2.4036	4.6359	3.7241	2.8667	3.3758	3.4908
2.1539	0.094	0.1016	0.0966	9.4976	10.312	4.8043	6.5321	5.4654	4.8509	7.2066	5.266	12.0418
0.0984	1.3262	0.0974	0.0921	7.5639	8.6001	4.7453	6.2965	6.2911	7.8094	5.9168	10.1884	11.5529
0.5333	0.1054	0.2862	0.4753	5.5615	4.3131	3.0075	9.3221	4.946	4.0242	4.219	8.2073	3.125
0.0936	0.5011	0.5055	0.0967	5.5417	4.225	2.8779	9.4844	4.9208	4.0935	4.1708	8.082	3.1945
0.0938	0.2644	0.0936	0.0971	5.5289	4.5278	2.8764	9.3965	5.2011	3.9649	4.1563	7.9846	3.119
0.5011	0.2772	0.093	0.4441	5.69	4.4488	3.0558	9.4116	5.0992	4.0189	4.2549	8.2396	3.158
0.0956	0.096	0.2957	0.0953	5.522	4.4612	3.0113	9.3339	5.1286	3.9413	4.1541	8.0757	3.1593
0.6349	0.3103	0.091	0.1003	1.7097	2.3292	1.4614	1.2193	1.6537	1.5623	1.9102	1.8911	2.2235
0.098	0.0875	0.0898	0.5599	1.7243	2.9138	1.3263	1.7161	2.1596	1.287	1.8718	1.7591	1.7329
0.1015	0.0925	0.0975	2.1594	7.2395	9.9379	9.7414	8.5771	5.0534	4.8347	19.4722	4.6201	8.4003
0.0944	0.2848	0.0961	0.509	1.6774	2.6436	1.1708	1.6651	1.9565	1.3654	1.9767	1.5164	1.7262
0.6261	0.0977	0.0924	0.5265	7.6678	4.0525	5.558	4.2618	2.0167	4.4914	4.5356	2.3284	6.0539
0.0946	0.2548	0.0986	0.1009	3.6961	5.7781	3.4036	1.6781	3.4299	2.1011	3.6285	2.0386	1.9933
0.0993	0.0872	0.0922	0.4393	3.6676	5.5952	3.3276	1.6788	3.4382	2.2085	3.7689	2.3518	2.0602
0.098	0.2655	0.0998	0.0958	3.8529	5.5348	3.4224	1.5935	3.4856	2.1167	3.6975	2.7559	2.4096
0.0963	0.2564	0.1015	0.0948	3.8462	6.057	3.6846	1.8096	3.2339	2.1293	3.608	1.8344	2.0618
0.5311	0.0924	0.0882	0.0941	3.8092	5.9528	3.7323	1.5873	3.3861	2.1955	3.4491	1.8931	2.0826
0.0968	0.5292	0.5307	0.0938	3.5683	5.9275	3.5072	1.6746	3.3578	2.334	3.7014	2.0192	1.9353
0.0973	0.0965	0.2597	0.095	3.7332	6.1671	3.8949	1.7259	3.1396	2.2754	3.684	1.6679	1.9328
0.0951	0.5345	0.5288	0.4468	3.5717	5.4733	3.2694	1.6465	3.4786	2.3073	3.8379	2.3655	1.9886
0.1017	0.5043	0.4775	0.0957	3.805	5.3285	3.2791	1.6159	3.5755	2.1642	3.6375	2.4837	2.212
0.4973	0.0901	0.0933	0.0939	3.7625	5.9147	3.3554	2.0354	3.3099	2.0415	3.8364	2.751	2.4602
0.0974	0.0935	0.0916	0.5044	3.4597	1.9529	3.6497	1.9818	2.3958	2.5437	5.3823	1.7535	3.3805
0.0941	0.2797	0.0962	0.0997	1.8828	2.2796	1.603	1.1389	1.7619	1.5739	2.0144	1.2962	2.2477
0.0986	0.2824	0.0916	0.0992	1.9644	2.5793	1.9265	1.0711	1.5153	1.5137	1.7758	1.3226	2.3363
0.0926	0.2708	0.0982	0.4389	1.8679	2.4462	1.886	1.0944	1.6256	1.6147	1.7785	1.4106	2.3124
0.1002	0.2353	0.0941	0.096	2.9253	3.1077	1.6225	2.2947	1.9728	1.2714	2.8589	1.1633	1.9182
0.0995	0.0884	0.0872	0.4292	2.8052	2.6828	1.7927	1.9498	2.1445	1.3827	2.7751	1.1833	2.0962
0.1032	0.0938	0.2484	0.0956	2.7366	2.9238	1.5554	2.1308	2.0033	1.2338	2.7986	0.9626	2.0214
0.5955	0.0928	0.0893	0.5079	1.8863	2.6072	1.6551	1.0565	1.4911	1.4924	1.6756	1.6976	1.8901
0.0928	0.0982	0.2609	0.0975	2.9136	1.5942	3.6857	2.2032	1.4492	1.7502	7.4243	1.9759	2.6655
0.0976	0.2539	0.0934	0.0997	2.7339	1.6636	3.6915	1.8114	1.4429	1.7192	7.1095	2.2363	2.3678
0.0993	0.0917	0.2684	0.4297	2.759	1.5842	3.8736	1.9219	1.4302	1.7522	7.0565	2.4071	2.2036
0.0963	0.2687	0.1005	0.0926	2.9855	1.5043	4.2292	2.0421	1.4623	1.7761	7.2621	2.5289	2.1735
0.0865	0.5239	0.4903	0.0993	2.883	1.5844	3.8057	2.0951	1.4068	1.6825	7.1425	2.2719	2.5355
0.6518	0.0895	0.0974	0.0976	7.3943	4.0404	5.4751	4.0404	1.976	4.212	4.5994	2.1887	6.2185
0.0964	0.2949	0.1047	0.5234	1.8627	2.5474	1.7982	1.2101	1.6861	1.6887	1.7441	1.5017	2.4842
0.1053	0.0983	0.2853	0.519	1.9342	3.043	1.4276	2.0236	1.9341	1.2162	1.9142	1.7261	1.9778
0.1037	0.0913	0.0871	0.5515	1.8969	2.4054	1.6635	0.9931	1.6799	1.5193	1.8826	1.7176	2.0884
0.0986	0.2955	0.1012	0.5003	2.8485	3.2915	2.7459	3.8744	2.0781	2.5386	6.5806	2.9855	3.224
0.0928	0.3082	0.1001	0.0955	2.8041	3.4324	2.8986	3.9069	2.0422	2.4325	6.6715	2.5869	3.0306
0.0985	0.2745	0.0983	0.092	3.0468	4.2549	2.4348	1.4747	1.7549	1.5516	2.3516	1.7718	2.1911
0.102	0.0985	1.2335	0.0955	9.4841	8.4981	9.0433	7.1089	5.5284	9.9783	12.9654	7.0354	5.2691
0.5949	0.0946	0.0991	0.0912	2.6243	1.9204	1.5457	1.399	1.252	2.2342	2.084	1.7223	1.9964
1.8364	0.379	0.0979	0.5459	14.765	16.3423	4.1123	4.1574	8.1985	5.6165	18.2463	12.4114	5.2124
0.0994	0.5888	0.5708	0.0905	1.8278	3.2271	1.6044	1.1867	1.2171	1.3626	2.0703	1.4705	2.203
0.5094	0.0905	0.101	0.517	1.6757	1.6576	1.667	1.4973	1.1086	1.1198	3.1947	1.451	1.4357
0.0963	0.2611	0.0975	0.5532	1.7951	1.5482	1.6603	1.6062	1.2458	1.1885	3.2336	1.5284	1.4082
0.6384	0.0935	0.0937	0.0952	3.3088	2.142	3.3922	1.9047	2.5616	2.5791	5.0665	1.6762	3.4483
0.0983	0.097	0.2659	0.4409	2.7318	2.2305	4.5164	1.7822	1.4996	1.9376	6.1848	3.1053	1.8046
0.6015	0.0938	0.09	0.0967	2.6352	2.2805	4.3246	1.7128	1.5167	1.7962	6.3059	2.7622	1.7379
0.0985	0.1002	0.3339	0.0992	2.9738	4.4417	3.0296	4.7362	3.2975	5.31	4.5504	4.6635	3.5735
0.0995	0.2877	0.0984	0.094	1.8823	2.292	1.1342	1.3243	2.4098	1.6798	2.215	1.2744	1.6623
0.5464	0.4794	0.4926	0.0976	3.2929	5.6072	2.8971	1.9462	3.6763	2.4408	4.0399	2.5924	2.5985
0.0994	0.0899	0.0904	0.4338	3.3796	5.7111	2.976	2.0751	3.6007	2.5046	3.8996	2.551	2.746
0.6207	0.2948	0.1016	0.1002	3.2397	2.6969	1.9702	1.8258	2.3235	1.3719	3.2325	1.3476	2.3061
0.094	0.5704	0.5176	0.0962	4.8863	6.8483	3.6948	2.6362	4.0739	3.8339	2.8428	2.3543	4.5349
0.5351	0.341	0.0934	0.097	4.8206	6.7171	3.72	2.6035	4.0839	3.8866	2.9067	2.4026	4.4341
0.519	0.3357	0.097	0.0969	4.9213	6.7069	3.7009	2.6076	4.1402	3.814	2.9692	2.3875	4.4843
0.0974	0.0943	0.0991	0.4491	4.668	8.8538	3.2145	1.9624	5.0545	3.0383	5.0109	2.9205	3.861
0.0923	0.1047	0.2633	0.0977	4.6375	8.9951	3.0864	2.1869	5.1607	2.8975	4.8394	3.1057	4.4177
0.5516	0.0963	0.2871	0.0952	4.4123	9.1331	3.0939	2.1692	5.2067	2.8529	4.8511	3.6614	5.0906
0.0986	0.0937	0.0873	0.5222	3.6708	2.4366	2.3512	3.6506	1.3532	2.1294	3.08	1.765	3.2493
0.0968	0.0988	0.253	0.1006	7.3724	7.088	3.5272	6.2491	3.2085	4.5943	4.8661	6.4989	4.9041
0.5298	0.0931	0.0952	0.0997	7.45	7.0998	3.456	6.4934	3.162	4.4367	4.5069	7.0965	5.5579
0.1001	0.2901	0.0983	0.1007	1.9505	2.3229	1.542	1.5561	2.2254	1.2859	2.2235	1.6303	1.7544
0.5102	0.0935	0.2642	0.0998	2.6233	2.3649	3.9362	1.6351	1.6024	1.7581	6.1639	2.8825	2.0479
0.4997	0.0879	0.0919	0.0895	2.4896	2.4107	3.9394	1.5346	1.6588	1.8225	5.9596	2.8022	1.8018
0.0962	0.0952	0.2485	0.0982	2.5305	2.1688	3.8925	1.5853	1.64	1.8351	6.125	2.5827	2.0492
0.5663	0.0953	0.2788	0.0975	1.9614	1.9016	1.788	1.5521	1.1948	1.2354	3.0103	1.5277	1.3563
0.5903	0.0899	0.0885	0.0993	2.6596	2.1772	4.0263	1.5805	1.5485	1.7878	6.5479	2.5289	2.209
0.0949	0.0913	0.0961	0.5103	2.9662	2.7036	1.9206	1.922	2.053	1.3101	3.2254	1.2352	2.0127
0.0962	0.094	0.2686	0.0978	3.0596	2.6106	1.789	1.7479	2.3902	1.3956	3.3966	1.0559	2.1453
0.4856	0.0834	0.0935	0.415	3.0623	2.7608	1.9305	1.8687	2.2711	1.2382	3.3843	1.3084	2.2185
0.4994	0.0879	0.0904	0.0924	3.0289	2.7849	1.587	1.5925	2.3564	1.4148	3.4527	1.2113	1.7747
0.1007	0.2528	0.0964	0.4162	2.984	2.7435	1.8359	1.7527	2.3391	1.3446	3.4618	1.3008	2.1861
5.6127	0.0955	1.7741	4.3447	9.5569	16.939	4.8815	17.5486	7.8192	9.4548	9.9227	10.4129	7.5757
0.5215	0.56	0.5259	0.0971	2.6319	2.5634	1.9614	1.645	1.6577	2.0365	3.2688	1.3763	2.0294
0.093	0.3034	0.0931	0.0998	2.6592	2.5387	1.8071	1.6043	1.6748	2.1006	3.3561	1.1807	1.998
0.1006	0.0978	0.0907	0.5207	3.6075	2.6597	2.4284	3.563	1.4851	2.0676	3.1035	1.6578	3.2476
0.1021	0.0964	0.0962	0.4994	2.5094	1.8965	1.5845	1.2814	1.3331	2.4318	2.0067	1.5611	1.9444
0.6247	0.0914	0.0929	0.1024	2.466	2.5166	1.5828	1.2252	2.0677	1.4846	2.8438	1.439	2.2008
0.0976	0.1003	0.2917	0.0933	1.9807	2.0021	1.5447	1.5239	1.367	1.2285	3.0175	1.1343	1.4427
0.6371	0.0987	0.3107	0.0973	5.0625	5.506	2.0715	3.4909	3.0366	3.1203	3.4864	3.0968	4.8421
0.0943	0.0905	0.3074	0.0975	2.5148	2.0859	1.6637	1.3911	2.2158	1.4604	2.0793	1.2281	1.8749
0.0996	0.2467	0.0969	0.0981	3.1676	2.18	2.7466	3.1767	1.54	1.9697	3.5681	1.9939	6.9658
0.505	0.0935	0.0964	0.1017	3.2459	2.3473	2.4833	2.9763	1.415	1.6934	3.4297	1.9083	6.4649
0.1022	0.2596	0.0919	0.0915	3.2414	2.2589	2.4618	3.0874	1.4598	1.7403	3.5803	1.8694	6.7048
0.0968	0.272	0.0916	0.0976	3.3723	2.2453	2.9042	3.1361	1.4922	1.8482	3.5631	2.1779	6.909
0.4961	0.0887	0.0917	0.0951	3.2004	2.3393	2.6422	3.2549	1.3629	1.908	3.6921	2.0905	6.8814
0.0996	0.1029	0.9968	0.0992	18.0882	8.4746	10.6362	7.9324	4.7081	3.6172	5.8045	6.2139	5.4211
0.1001	0.3045	0.0981	0.0962	2.9255	3.4825	3.068	3.6176	1.7968	2.5898	6.4796	2.5864	2.8692
0.101	0.0898	0.3114	0.0957	1.9697	2.6842	1.3437	1.7124	2.0975	1.2072	1.8745	1.7536	1.8492
0.5532	0.3161	0.1017	0.0966	2.943	3.6853	2.4095	1.5132	2.8997	1.3977	3.087	2.3463	3.038
0.0906	0.2989	0.0961	0.0975	2.8194	3.7371	1.8929	1.3729	3.048	1.3948	3.1447	1.7193	3.4148
0.0951	0.0942	0.094	2.4738	14.9179	15.9326	10.4614	6.9497	15.0123	7.9417	16.3006	5.2149	3.914
0.1008	0.254	0.0963	0.0975	2.6157	3.5652	1.9772	1.4077	1.9684	1.5812	2.1712	2.0308	2.2866
0.5675	0.2811	0.0984	0.4293	2.4675	3.5528	1.9067	1.4636	1.8507	1.4514	2.0358	2.466	2.2262
0.5509	0.2676	0.0992	0.096	2.6366	3.6495	2.041	1.4984	1.9575	1.5964	2.0349	2.3145	2.2679
0.0909	0.1	0.2897	0.0921	2.7407	2.1016	3.7277	1.6859	1.5515	1.7628	6.7945	2.1118	2.3008
0.0928	0.0938	0.4355	0.0938	11.8128	6.084	8.9338	5.1379	5.4718	3.7745	10.6429	5.7537	3.5658
0.0954	0.0946	0.0938	0.5313	2.536	2.6061	1.7408	1.825	2.1543	1.4041	2.7311	1.2855	1.8903
0.0952	0.2833	0.0966	0.0937	2.3331	3.3848	1.8836	1.6107	2.0625	1.853	2.3756	2.1304	2.1127
0.5293	0.0879	0.0902	0.0949	6.3412	10.5298	4.4034	5.0305	5.0171	5.3937	5.6336	3.2868	3.5112
0.0964	0.0984	0.286	0.5274	6.43	10.4826	4.5697	5.0231	4.9744	5.2949	5.635	3.2566	3.5679
0.0946	0.0908	0.0897	0.4009	4.9604	7.4775	2.7323	3.142	3.9624	3.2269	2.613	3.0075	5.4002
0.099	0.5226	0.538	0.0953	4.9973	7.5964	2.749	3.0348	3.903	3.2049	2.583	2.6507	5.3523
0.489	0.0866	0.0952	0.094	5.064	7.537	2.7405	3.0892	3.886	3.3364	2.7247	2.8122	5.5509
0.0976	0.0992	0.2581	0.0999	8.6281	4.2328	9.7069	3.6887	4.3545	4.4879	9.1301	2.3124	4.9909
0.5218	0.0946	0.0876	0.4728	8.4393	4.2735	9.6625	3.5734	4.243	4.5254	8.9369	2.4618	4.8205
2.6974	0.0995	0.0998	0.098	5.2295	15.1128	7.8652	5.793	7.3447	9.1011	19.4742	12.3618	6.9391
0.0966	0.0952	0.3878	0.5983	14.8338	8.9873	11.5846	5.0996	9.0844	5.1529	6.4368	3.2727	6.5954
0.6195	0.0944	0.0967	0.1003	2.84	4.0025	2.2251	1.601	1.8955	1.6674	2.035	1.9001	1.9681
0.5105	0.0906	0.0949	0.5201	1.953	2.5451	2.23	1.0283	1.4565	1.728	1.84	1.4053	2.2146
0.1036	0.0896	0.2717	0.5372	2.0464	2.4284	2.7651	1.2397	1.5989	1.9355	1.9918	1.531	2.8831
0.5878	0.0882	0.0942	0.5042	2.3098	2.465	1.5753	1.4252	2.0531	1.6094	2.8339	1.7266	1.8694
0.0982	0.0994	0.3305	0.5231	3.512	2.2415	3.1101	3.6692	1.6642	2.1294	3.7935	2.4807	7.3118
0.0986	0.2832	0.1018	0.0945	1.7328	1.8547	1.406	1.4409	1.2848	1.0956	2.9106	1.1342	1.4014
0.6157	0.0924	0.0897	0.0952	1.8384	1.7642	1.8477	1.3805	1.0843	1.1573	2.8774	1.6447	1.2775
0.0968	0.0977	0.3033	0.0966	1.7885	2.1526	1.3058	1.5811	1.4642	1.2775	3.3244	1.1074	1.8049
0.5988	0.0909	0.0869	0.0986	1.6825	2.5318	1.5873	1.0033	1.6106	1.4482	1.9428	1.5189	2.021
2.2432	0.0922	0.0967	0.0942	7.503	16.3068	4.2117	5.3292	9.8896	3.4999	8.2068	7.3969	10.4086
0.497	0.0924	0.0947	0.4563	2.6495	1.9524	1.5355	1.3318	1.3709	2.3706	1.9286	1.476	2.0671
0.4853	0.0899	0.0912	0.1	2.6963	1.9685	1.8667	1.245	1.3327	2.389	2.0255	1.093	1.9061
0.103	0.2477	0.1009	0.4143	2.8437	1.8283	2.2449	1.2416	1.4632	2.5179	2.0567	1.1596	1.6029
0.0981	0.0932	0.0933	0.4299	2.7803	1.8703	2.0596	1.16	1.422	2.6016	1.9065	1.0302	1.569
0.1013	0.2369	0.096	0.0962	1.6926	1.6336	1.7224	1.6146	1.1794	1.27	2.8219	1.6787	1.3806
0.0968	0.2404	0.0921	0.0948	1.9142	1.4631	2.2027	1.568	1.0789	1.1637	3.0957	2.1498	1.6094
0.0929	0.0925	0.096	0.4389	1.7287	1.6004	1.7203	1.4866	1.1785	1.1976	3.0049	1.577	1.3104
0.093	0.2409	0.0918	0.3939	1.7228	1.8012	1.6123	1.5792	1.3141	1.2295	2.9493	1.4639	1.2775
0.1015	0.0999	0.2539	0.4435	2.049	1.6723	1.9944	1.658	1.3652	1.4157	2.8038	1.9278	1.4935
0.5133	0.0873	0.0859	0.0972	1.4119	1.8298	1.5492	1.5132	1.2875	1.1628	2.9149	1.3941	1.3277
0.0983	1.547	0.0964	0.1013	17.2845	11.9678	8.9493	8.1455	12.9538	4.7528	12.4695	6.6096	8.3534
0.0918	0.0964	0.0895	0.4328	4.931	5.7702	2.2626	3.5219	3.0029	2.8958	3.4373	2.9462	5.3097
0.5254	0.0914	0.0872	0.1025	4.7669	6.0082	2.277	3.8599	2.7451	2.4992	2.9628	3.104	5.1139
0.099	0.0981	0.2643	0.0879	4.8268	5.8396	2.3342	3.6268	2.9169	2.8474	3.184	3.0024	5.2869
0.6228	0.0912	0.0875	0.0919	3.453	3.8327	2.3867	2.4522	2.1167	1.6733	6.411	1.5682	2.1467
0.1031	0.0936	0.3012	0.1044	2.3103	3.2719	3.8073	3.491	3.051	4.6023	5.3917	3.8226	5.3738
0.0991	0.0915	0.2971	0.0933	2.3208	3.4856	3.9561	3.8606	2.8599	4.3923	5.3518	4.0385	5.5359
0.0945	1.103	0.099	0.096	5.8188	5.807	5.4821	4.3874	5.922	5.8091	13.9174	6.0283	11.6878
0.5969	0.2601	0.0916	0.0982	3.4813	2.5199	2.231	3.6131	1.4627	2.004	3.2958	1.9194	3.5209
0.5999	0.0923	0.2529	0.1006	3.9271	2.4117	2.4482	3.5652	1.3743	2.0623	3.0394	1.9543	3.7595
0.0956	0.0948	0.0934	0.446	4.6628	6.3603	3.5592	2.4796	3.9399	3.9496	2.8282	2.1244	4.2412
0.0961	0.2801	0.1012	0.0948	4.9099	6.069	3.6404	2.4826	4.0007	3.816	3.0606	2.1668	4.2562
0.5847	0.0926	0.0937	0.5666	2.9842	2.9929	1.8394	1.8466	2.2787	1.3841	3.1621	1.4049	1.9327
0.1029	0.0943	0.2822	0.0979	3.0248	2.1669	1.8725	3.8097	1.4438	2.2935	3.4975	1.6447	3.0581
0.0949	0.0978	0.0912	0.5043	1.6777	2.6768	1.4229	0.8965	1.5545	1.457	1.8907	1.5991	1.895
2.0066	0.0923	0.0965	0.0965	14.7812	16.302	4.004	4.0265	8.1254	5.3504	18.3009	13.1117	5.0886
0.1	0.5117	0.5239	0.0973	2.7562	3.7961	2.0435	1.392	2.8561	1.3037	3.1467	1.782	3.2711
0.0986	0.0957	0.0922	0.4263	2.7946	3.8291	2.1765	1.2856	2.591	1.2688	2.9821	2.1833	3.2906
0.0918	0.2427	0.0918	0.1011	2.8828	3.785	2.0762	1.3004	2.7698	1.2679	3.0095	1.8225	3.0044
0.0956	0.0938	0.0862	0.3954	2.8855	3.7534	2.2346	1.2624	2.7862	1.3671	3.0526	2.0228	3.3232
0.0968	0.0858	0.0909	0.4293	2.6355	3.8378	1.9425	1.266	2.8355	1.346	3.1069	1.6979	3.4913
0.4734	0.0935	0.0939	0.4177	2.7792	3.8901	1.9429	1.2721	2.6506	1.2537	3.2044	1.7557	3.6428
0.1001	0.0946	0.2361	0.0986	2.8265	3.7589	2.012	1.2448	2.7471	1.3336	3.3614	1.5165	3.6258
0.4958	0.085	0.0929	0.0912	2.7879	3.6335	2.2436	1.3266	2.7647	1.3965	3.0766	2.2342	2.9386
0.0965	0.0967	0.2314	0.4451	2.9027	3.9661	2.2087	1.2333	2.6663	1.3897	3.1294	2.1091	3.4149
0.0976	0.0972	0.2742	0.4998	1.8251	2.7025	1.2562	1.1881	2.2401	1.3609	2.0807	1.2582	1.4162
0.0989	0.6455	0.6471	0.5612	1.7897	2.7414	1.3208	1.6911	1.9755	1.3886	2.0356	1.546	1.7945
0.5342	0.0966	0.2735	0.0957	4.2324	7.5358	4.758	7.2564	5.7965	4.9793	4.8697	5.2105	3.7741
0.0977	0.0979	0.2859	0.1002	4.1445	7.6724	4.7745	7.1667	5.8907	4.9793	4.9898	5.1554	3.5694
0.0936	0.0947	0.0894	0.453	4.1608	7.6001	4.7521	7.2063	5.8955	4.9715	5.1479	5.0293	3.6906
0.6008	0.0888	0.0892	0.0926	1.9754	2.8777	1.5126	1.6509	2.0741	1.4841	1.7062	1.8592	1.8613
0.5637	0.0923	0.0926	0.0961	1.5711	2.7933	1.268	1.3774	2.2084	1.2573	2.0916	1.1907	1.3264
0.1022	0.2656	0.0942	0.1008	1.5924	2.7677	1.131	1.5214	2.155	1.2117	2.082	1.3924	1.5636
0.6321	0.0931	0.2973	0.1003	3.5302	2.4349	2.1264	3.6085	1.4001	1.9654	3.5476	1.7677	3.0555
0.0941	0.0958	0.2783	0.0975	6.664	5.352	4.5244	2.2479	3.9442	2.4835	3.6997	1.8134	2.4416
0.6153	0.0941	0.095	0.0988	3.5433	2.5749	2.5886	3.3962	1.3521	1.9575	2.9597	1.6716	3.5196
0.5104	0.0955	0.0924	0.441	3.8837	3.7603	2.899	2.397	2.1599	1.7762	6.7593	1.7261	2.1946
0.0957	0.2429	0.0925	0.0995	3.7526	3.8683	2.3876	2.3555	2.0432	1.7536	6.5728	1.4762	1.9199
0.5218	0.0845	0.0896	0.0956	3.9857	3.6814	2.8202	2.2591	2.186	1.7596	6.561	1.6266	2.1452
0.0989	0.0957	0.0882	0.4747	4.1554	3.8732	2.9404	2.4003	2.1703	1.8538	6.6998	1.5906	2.1144
0.5305	0.0921	0.0926	0.0901	4.1189	3.5735	2.9129	2.0679	2.4698	1.8486	6.9925	1.4255	2.275
0.0967	0.2472	0.1002	0.0941	4.2016	3.4696	3.3897	2.2769	2.1556	1.6402	6.6795	1.8378	2.5973
0.0968	0.0929	0.2437	0.4543	4.0557	3.4704	2.9422	2.2156	2.4192	1.8393	6.6501	1.6715	2.3045
0.0931	0.1004	0.2576	0.0945	2.1491	2.9517	1.3391	1.5092	1.8211	1.5689	2.9523	1.1818	2.4236
0.5142	0.2649	0.0944	0.484	1.9693	2.7087	1.3315	1.4917	1.9099	1.7068	2.7937	1.5156	2.5533
0.6937	0.0949	0.0881	0.0922	4.4798	3.4473	2.6451	2.4447	2.2353	3.2065	7.1709	2.3922	6.0646
0.5153	0.0961	0.0934	0.0899	2.1887	3.6653	3.747	3.9809	2.7374	4.2185	5.1925	4.4404	5.0816
0.0944	0.0952	0.238	0.0942	2.2187	3.6608	3.9034	3.9143	2.6527	4.2209	5.4967	4.0436	5.3185
0.6246	0.0957	0.3033	0.0944	7.2615	4.3328	4.2413	3.3339	1.8476	2.2328	2.7511	3.1905	3.5233
0.0961	0.0972	0.2705	0.0951	2.9517	3.0549	1.9989	2.5727	1.9152	1.274	2.9306	1.117	2.5333
0.5145	0.0949	0.2831	0.5008	2.7623	3.0608	1.6406	2.4577	1.8856	1.3396	2.7772	1.3405	2.3734
0.0944	0.0964	0.0952	0.5363	14.6349	11.4755	10.2845	3.7222	6.0289	9.0887	6.9008	6.6453	4.5973
0.5978	0.0914	0.0958	0.0918	4.8521	6.748	3.0031	2.825	3.9642	3.2951	3.0326	2.9558	4.3939
0.0982	0.2877	0.1016	0.0929	2.621	3.9459	1.8485	1.5477	1.872	1.7044	2.3367	1.9786	1.9891
0.1021	0.3113	0.0992	0.0896	2.8378	2.1609	1.7826	1.3674	1.8041	1.536	2.6096	2.2589	1.8787
3.1049	1.7594	0.0955	0.1016	10.9727	30.8994	4.7738	4.7014	25.8792	14.1332	17.9343	6.0891	9.697
0.6735	0.0933	0.0957	0.5533	3.1579	2.0021	3.6975	2.0364	2.3846	2.4825	5.1201	1.9279	3.647
0.1049	0.0908	0.0937	0.4864	2.6371	3.4125	1.8714	1.4233	2.0113	1.6833	2.1673	2.4381	2.2184
0.0952	0.0927	0.2886	0.1005	2.1363	2.8311	1.5038	1.6554	2.1307	1.6825	1.9667	1.4447	1.6594
0.0966	0.3095	0.0963	0.5294	5.2534	6.3497	2.2979	4.003	2.8935	2.9804	3.3201	3.2021	4.6597
0.0986	0.0969	0.287	0.0966	2.5424	2.4353	1.6319	1.3499	2.1205	1.6439	2.9273	1.2986	2.6385
0.4899	0.3254	0.0935	0.4681	4.5759	2.2438	2.6883	4.743	1.7733	2.6931	3.0402	2.486	2.9515
0.0953	0.3333	0.0997	0.0976	5.0182	2.1085	3.0486	4.7949	1.7064	2.6059	3.0829	3.012	2.8867
0.0966	0.5714	0.5289	0.0998	4.5571	2.1084	2.6811	5.0436	1.7534	2.577	2.9127	2.8318	2.8397
0.0922	0.6299	0.6518	0.0967	3.1248	3.0084	1.891	1.9018	2.3126	1.3339	3.1204	1.1122	2.0617
0.4907	0.095	0.2554	0.0979	3.0693	2.9016	2.171	3.7485	3.0125	3.3522	3.1421	6.136	5.0068
0.5147	0.0908	0.0932	0.4568	2.9119	2.9014	2.1702	3.7484	2.8592	3.3817	2.9584	6.2006	5.0258
0.0911	0.0984	0.2688	0.0982	2.8983	2.9606	2.1774	3.3631	3.1298	3.3015	3.1069	6.5574	5.4326
0.0973	0.0959	0.2737	0.4974	3.1124	2.9474	1.8063	4.2632	2.7828	3.3281	2.8787	6.2258	4.5367
0.0929	0.2432	0.0987	0.1036	1.7326	2.4216	1.5051	1.0311	1.5856	1.4274	2.0642	1.5138	2.0573
0.0963	0.0905	0.0947	0.4794	1.8827	2.1175	1.9485	1.1171	1.6154	1.4717	2.0083	1.4745	2.3359
0.0924	0.0947	0.0906	0.5061	1.8378	2.1024	1.5204	1.2027	1.8046	1.4621	1.8144	1.9007	2.3373
0.0971	0.0892	0.0941	0.5569	1.7784	2.7165	1.8237	0.968	1.5971	1.6062	1.824	1.5699	1.8315
0.101	0.2573	0.0978	0.0966	1.8173	1.7054	1.6577	1.4148	1.1466	0.9827	3.0362	1.1433	1.4514
0.0967	0.2401	0.0881	0.0923	1.7749	1.6605	1.7441	1.5196	1.1685	1.1158	3.0876	1.165	1.2658
0.5128	0.0945	0.0915	0.0905	1.8487	1.6818	1.6521	1.4748	1.0572	1.0095	3.1893	1.265	1.4168
0.6501	0.0944	0.0889	0.0925	6.6955	5.3512	5.3703	2.6177	3.8466	2.6718	3.6295	1.911	2.2258
0.0884	0.0956	0.2561	0.0996	2.7201	2.3563	1.9629	1.3718	2.0967	1.4891	2.8602	1.7515	1.6567
0.0961	0.0947	0.0978	0.4866	2.5912	2.4275	1.779	1.1617	2.1062	1.5532	2.8393	1.6496	1.8803
0.0943	0.0942	0.0912	0.4657	2.7332	2.3553	1.9934	1.2539	2.027	1.5809	2.657	2.0447	1.5883
0.0946	0.2479	0.0954	0.0946	2.4209	2.3793	1.4978	1.353	1.9785	1.4875	2.8841	1.6164	1.7584
0.1021	0.0876	0.0927	0.4721	2.53	2.4054	1.8338	1.2417	2.046	1.5317	2.8003	2.0208	1.5693
0.0955	0.0922	0.2452	0.4487	1.914	2.7446	1.1724	1.6958	2.1718	1.3289	1.9222	1.3746	1.5321
0.4711	0.0941	0.0944	0.1013	1.6952	2.6282	1.1189	1.4574	2.0846	1.2703	1.9013	1.1712	1.4153
0.0908	0.297	0.0966	0.0934	1.8356	2.9177	1.3563	1.7195	2.0023	1.1421	2.1946	1.1576	1.5763
0.0953	0.2887	0.0943	0.0984	2.7022	3.5288	1.9816	1.5862	2.1236	2.0102	2.5556	1.897	2.1035
0.9092	0.0898	0.0975	1.2846	8.742	6.1011	4.642	4.5853	3.5916	3.8203	3.8454	5.3985	4.1214
0.0994	0.0982	0.2941	0.0996	1.8222	2.6045	1.6344	1.1019	1.6024	1.63	1.9138	1.2478	2.0464
0.0922	0.2885	0.0993	0.0939	2.1042	2.5286	2.059	1.2183	1.6044	1.5119	1.7323	1.2253	2.4921
0.0965	0.2864	0.0986	0.0932	2.0895	2.6015	2.0353	1.1055	1.614	1.5027	1.6352	1.4389	2.5724
0.0988	0.5581	0.5356	0.0996	1.983	2.6237	1.9379	1.1266	1.7029	1.5648	1.8491	1.4215	2.5993
0.7357	0.0988	0.9665	0.0982	4.4435	9.0348	9.5234	5.6937	10.5492	8.7852	6.8628	7.4714	4.1318
0.5932	0.0915	0.0924	0.548	2.3419	2.3331	1.5957	1.4473	1.985	1.6138	3.1601	1.6307	1.9711
0.0982	0.1023	0.2781	0.4689	2.5556	2.5732	1.6761	1.2258	2.108	1.5697	3.0225	1.2628	2.3587
0.098	0.482	0.5045	0.0913	2.268	2.6526	1.6416	1.3671	2.0021	1.6832	3.008	1.1735	2.3662
0.5749	0.1008	0.0956	0.0976	2.7662	2.8692	1.6576	1.8258	2.126	1.2834	2.8502	1.3756	1.8648
0.6149	0.0883	0.0965	0.0934	2.7841	3.0596	1.749	2.0802	2.1527	1.1708	2.8421	1.3999	2.0158
0.0989	0.0965	0.0952	0.5211	2.7278	2.6472	1.8898	1.2182	2.1171	1.7261	2.6657	1.5333	1.9687
0.5145	0.0944	0.0909	0.5676	2.6561	2.679	1.8801	1.2277	2.0214	1.8482	2.7253	1.6183	2.0944
0.095	0.0936	0.0889	0.5387	7.4985	4.785	4.3405	2.7808	1.7551	2.0565	2.525	3.3508	4.4828
0.0955	0.0936	0.2965	0.1022	3.4618	2.3435	3.3776	4.2569	1.7449	2.3285	4.0749	2.603	7.6122
0.0917	0.2846	0.0959	0.4357	3.365	2.4049	3.0221	4.1234	1.7282	2.181	3.9672	2.6445	7.6179
0.0947	1.3799	0.1004	0.0943	18.7429	11.8795	14.36	5.9955	6.8473	14.67	18.9792	6.9573	7.9706
0.0975	0.0963	0.265	0.4382	1.829	2.9489	1.7987	1.0305	1.4364	1.542	1.7622	1.5522	2.2243
0.0928	0.2541	0.0979	0.0954	1.944	3.2185	2.1598	0.9776	1.6722	1.5345	1.7225	1.4778	2.5189
0.4827	0.0914	0.0899	0.0932	1.9468	2.8603	2.126	0.9101	1.4737	1.4669	1.9416	1.444	2.4063
0.0962	0.0923	0.0913	0.459	2.4887	2.7832	1.7515	1.7817	2.2715	1.2801	2.9039	1.3881	1.784
0.516	0.0891	0.0939	0.0911	2.4116	2.7888	1.6866	1.7782	2.1467	1.3079	2.795	1.4185	1.7016
0.0946	0.5151	0.5328	0.482	2.7198	2.866	1.6276	1.8773	2.1098	1.2582	3.1326	1.3709	1.8383
0.1021	0.237	0.0977	0.09	2.7706	2.4719	1.9821	1.5684	2.4799	1.2899	3.276	1.3776	1.9561
0.1033	0.0844	0.086	0.4197	2.1703	3.257	1.6647	1.4587	2.8959	1.4201	3.3736	1.5413	3.1978
0.4709	0.0932	0.0865	0.0954	2.178	3.3843	1.6975	1.4908	2.9395	1.4383	3.3441	1.5125	3.3124
0.0978	0.6429	0.6473	0.0953	7.9503	7.2318	3.6231	6.6697	3.1788	3.8816	4.5254	7.4617	4.9722
0.0972	0.2763	0.0957	0.093	2.7821	4.0882	2.1512	1.5869	1.8821	1.7548	2.3046	1.8005	2.0204
0.095	0.0978	0.2928	0.0993	2.8264	3.9562	1.9476	1.5868	2.0579	1.7964	2.1295	2.1574	2.2762
0.0949	0.5639	0.5491	0.0957	2.6507	4.193	2.1303	1.708	1.9401	1.8053	2.1802	2.1681	2.1733
0.1004	0.1042	0.2972	0.0955	2.6735	4.2099	2.0888	1.9528	1.8685	1.781	2.1999	2.6824	2.1789
0.6106	0.0944	0.0888	0.102	1.3872	2.355	1.153	1.2814	1.995	1.7272	2.2576	1.6269	1.7094
0.5953	0.2444	0.0948	0.0946	1.4442	2.1623	1.4268	1.3667	2.009	1.9832	2.1492	1.7388	1.8988
0.6171	0.0918	0.0913	0.1015	1.4936	2.3505	1.4551	1.3454	2.0123	1.9057	2.3343	1.4064	2.0462
0.1003	0.0885	0.2525	0.0989	2.6125	2.8723	4.0305	1.8205	1.6857	2.1559	6.0454	2.9467	1.9349
0.1034	0.0927	0.0934	0.4164	2.6076	2.803	4.2302	1.796	1.6463	2.0533	5.9757	3.189	1.7847
0.0924	0.0919	0.0889	0.4299	2.6047	2.6779	4.1893	1.7139	1.6243	2.1033	5.9629	3.4786	1.5866
0.0989	0.0947	0.0864	0.41	2.6753	2.6784	4.1082	1.7333	1.5261	2.0117	6.1789	3.1353	1.7354
0.0974	0.0895	0.0936	0.4397	2.4732	2.6617	3.6634	1.5829	1.6731	1.9848	6.1122	2.4927	2.0473
0.4893	0.0943	0.0981	0.4288	2.4786	2.7221	3.5232	1.6707	1.6583	1.9963	6.1479	2.6919	2.0747
0.0996	0.0955	0.2383	0.0961	2.6002	2.6246	3.5888	1.699	1.6183	1.8899	6.1855	2.4484	2.1911
0.53	0.2535	0.1032	0.0966	2.8257	2.5894	4.5811	1.8118	1.587	2.1377	5.9976	3.6973	1.7904
0.0959	0.0917	0.0889	0.4295	2.4658	2.5788	3.8312	1.6231	1.6496	2.0318	6.0954	2.7974	1.8902
0.4994	0.09	0.0895	0.0923	2.5404	2.9059	4.0477	2.0107	1.7524	2.1589	5.6135	3.1433	1.9789
0.0942	0.095	0.2469	0.0956	2.7821	2.4615	4.1424	1.6238	1.636	2.0564	6.1122	3.291	1.659
0.4928	0.0865	0.0889	0.0945	2.6224	2.5499	3.6901	1.4928	1.5176	1.7814	6.3981	2.6955	2.0698
0.6291	0.0904	0.0967	0.0949	2.4377	3.6897	2.0286	1.4666	1.9633	1.7419	2.3779	2.1354	2.1984
0.6072	0.0959	0.0963	0.53	1.7485	1.8943	1.4698	1.5954	1.219	1.1648	3.1854	1.4748	1.5596
0.0973	0.3059	0.0972	0.0936	2.4783	3.3803	1.7714	1.5431	2.9182	1.4841	3.319	1.5645	3.5799
0.0998	0.6458	0.6434	0.0959	1.9085	2.3876	1.6792	1.1519	1.618	1.4384	2.0856	1.6457	2.4881
0.0999	0.0937	1.0163	0.0942	4.9949	9.8613	9.9456	6.5233	9.9337	8.1264	6.6968	7.3926	4.3197
0.1009	0.1044	0.9983	0.0933	4.8517	9.6169	9.9627	6.4398	9.946	8.0772	7.0323	7.4142	4.5005
0.0945	0.0874	0.0978	0.5137	3.1472	2.0184	4.6282	1.7839	1.4166	1.8477	6.8947	3.1673	2.0471
0.5374	0.0929	0.0929	0.0918	12.1023	11.8348	8.2024	5.0329	8.8842	5.6088	4.0133	5.4433	9.3685
0.1	0.2549	0.094	0.097	12.3618	11.9266	8.4213	5.1704	8.947	5.5904	4.1574	5.4663	9.379
0.1011	0.26	0.0949	0.093	12.1545	11.9337	8.1198	5.0314	8.8839	5.5691	4.1176	5.5609	9.5726
0.0987	0.0943	0.374	0.0991	3.2003	3.1066	3.055	3.2393	3.2114	3.6511	3.3696	5.3207	6.0899
0.0984	0.0839	0.0961	0.5567	8.5732	4.1401	10.033	3.5664	4.2924	4.7066	8.8404	2.5065	4.4176
0.0887	0.0973	0.2611	0.545	8.5893	4.1916	9.7643	3.7209	4.3111	4.6003	9.0027	2.2976	4.7917
0.0943	0.0924	0.086	3.6459	20.1263	11.3078	17.3258	11.4718	7.8752	11.4485	9.5544	7.4034	6.0137
0.0958	0.0972	0.2851	0.1014	3.2086	2.0975	3.9398	2.0929	2.2813	2.66	5.3371	1.6989	3.8961
0.1004	0.1001	0.2945	0.0964	3.3429	2.0088	2.9912	2.0812	2.4947	2.5713	5.6662	2.0769	3.6345
0.0979	0.5665	0.6133	0.0964	3.2313	1.9805	3.1963	2.0092	2.4695	2.4555	5.5326	1.8294	3.748
0.1001	0.3236	0.0964	0.1007	4.339	2.0452	2.4491	5.0421	1.5336	2.5986	2.9317	2.4807	2.7725
0.1016	0.3452	0.1013	0.0993	4.2271	2.1398	2.4616	4.9953	1.6674	2.6419	3.1672	2.6051	2.7622
0.096	0.5722	0.5394	0.4618	4.3257	2.1484	2.638	5.0447	1.6073	2.6905	3.0592	2.6746	2.8405
0.0965	0.3282	0.0995	0.0967	4.3039	2.2385	2.3916	5.0953	1.6113	2.5135	3.213	2.6323	2.8722
0.0999	2.0614	0.0992	0.0968	7.2577	6.5811	5.3054	4.4835	5.4639	6.4725	7.5654	3.262	4.5091
0.5021	0.2505	0.0979	0.4358	2.6978	1.8786	1.8013	1.4743	1.2941	2.3375	2.003	1.4074	1.9916
0.0904	0.2391	0.0937	0.3933	2.6384	1.9586	1.6	1.3854	1.2562	2.1295	2.2045	1.7346	2.2837
0.4986	0.0929	0.0927	0.0957	2.5463	2.0222	1.7456	1.2861	1.2318	2.2647	2.0308	1.456	1.7828
0.0932	0.0995	0.2802	0.4171	2.6436	1.8946	1.55	1.3902	1.3334	2.2911	1.9521	1.6411	2.193
0.0922	0.5303	0.5321	0.43	2.5688	2.0037	1.6477	1.7527	1.0375	2.2742	2.3515	1.5812	2.4469
0.0946	0.0967	0.2419	0.0924	2.6244	1.8934	1.647	1.05	1.5383	2.3139	1.8933	1.4827	2.3013
0.4736	0.0924	0.0929	0.0937	2.6522	1.991	1.7597	1.2922	1.2522	2.2981	2.0194	1.3944	2.0317
0.4864	0.2418	0.0989	0.0931	2.5864	1.9547	1.4994	1.5612	1.1976	2.022	2.0435	2.0249	2.3091
0.0973	0.0889	0.0939	0.4291	2.4404	1.8275	1.6077	1.3598	1.2386	2.1222	2.0321	1.9062	2.289
0.1	0.0956	0.0953	0.4128	2.5032	1.9913	1.5858	1.32	1.2887	2.1652	1.9844	1.6161	1.9691
0.4768	0.0902	0.0946	0.098	2.5853	1.8757	1.5738	1.473	1.1297	2.1275	2.0249	1.8497	2.3991
0.0947	0.2421	0.1005	0.0939	2.4912	2.0292	1.6238	1.5891	1.1959	2.2433	2.0422	1.6749	2.5667
0.0946	0.2587	0.0987	0.0946	2.8432	2.1973	1.5909	1.7745	1.2044	2.0847	2.2278	1.668	2.2168
0.1029	0.1012	0.3515	0.0923	14.9443	11.6472	10.6655	3.5798	6.2267	9.108	6.9649	6.4941	4.6902
0.51	0.2612	0.0977	0.093	2.7842	1.9116	4.2568	1.7219	1.8195	1.7333	6.584	2.6217	1.8998
0.0921	0.5445	0.5424	0.1018	2.8637	1.7333	4.3482	1.7445	1.6026	1.6163	6.7098	2.4475	1.9895
0.0967	0.0938	0.2685	0.0954	3.0204	1.4316	4.1827	2.0338	1.5679	1.4743	7.0586	2.1093	2.083
0.0956	0.0959	0.2814	0.4604	2.9379	1.8047	4.7735	1.8818	1.7342	1.8238	6.5952	2.7766	1.8744
0.0923	0.2772	0.0988	0.4404	2.7445	1.7768	4.1641	1.678	1.688	1.6128	6.6891	2.482	1.8443
0.0952	0.0949	0.2686	0.0935	2.799	1.7111	4.4111	1.6982	1.7527	1.706	6.4922	2.651	1.7739
0.5824	0.5029	0.0998	0.0929	7.947	6.7161	3.1515	6.3181	2.9519	2.9924	5.9803	4.7669	4.6908
0.0964	0.0996	0.5391	0.0987	7.7874	6.7886	2.9534	6.5341	2.6821	3.0136	5.8896	4.8099	4.6008
0.5174	0.091	0.0888	0.0939	6.5626	3.1919	3.6346	3.0836	2.8919	2.1551	4.0652	5.0871	3.7818
0.0976	0.2442	0.0963	0.0885	6.1598	3.2339	3.3794	3.337	2.9277	2.1661	4.0912	5.1749	3.8618
0.5248	0.0907	0.091	0.4476	6.5294	3.1446	3.8253	3.413	2.9047	2.1663	3.87	5.5017	3.4139
0.5354	0.0885	0.09	0.1068	6.5363	3.0183	3.7358	3.3407	2.8247	2.0434	3.9321	5.4077	3.7045
0.5229	0.0887	0.0891	0.4394	6.4552	3.0628	3.4105	3.1677	2.7911	2.1829	4.0777	5.0812	3.96
0.0957	0.2594	0.0932	0.0932	6.3782	3.029	3.6146	3.3127	2.8722	2.0726	4.0018	5.2797	3.8148
0.0927	0.2528	0.0919	0.0983	6.3974	3.2697	3.4052	3.4232	2.7513	2.1041	4.0123	5.124	3.4798
0.6396	0.3593	0.0975	0.1041	14.5886	8.9623	11.4401	5.1174	9.1219	5.1996	6.592	3.1866	6.7576
0.0979	0.0972	0.2857	0.0975	1.9262	1.4525	1.6766	2.0023	1.3334	1.2594	3.404	1.2371	1.736
